100303 101628 44413
100494 99978 258884
100937 152468 521212
101262 101318 447246
101272 101333 525329
101553 93780 287059
101713 149042 400716
101929 57298 471609
102036 102037 190973
102124 83234 114481
102467 102468 294583
103308 103456 284294
103320 103336 270461
103363 103366 447123
104010 151853 147281
104486 106828 441022
104993 122613 240274
104993 127722 519364
122613 127722 319073
105752 105753 413532
106555 158244 480256
106649 120455 40869
106715 106716 164133
106874 109124 426744
107735 108089 58219
108107 108432 473344
108787 83582 426989
108958 110230 300760
109069 134227 348876
110361 120127 251531
110837 134961 427263
111092 113624 367815
111717 114167 467059
114869 114871 487915
11627 11860 145293
116851 116874 157142
117209 117210 369349
117328 118782 144366
11797 11814 400757
118329 118539 214438
119111 120731 447075
119111 121219 242771
119111 127468 375967
119111 128930 256111
119111 137673 474007
120731 121219 310016
120731 127468 361468
120731 128930 478913
120731 137673 446041
121219 127468 212075
121219 128930 225305
121219 137673 154447
127468 128930 148970
127468 137673 483507
128930 137673 356093
119448 126170 472783
119588 120146 381736
119588 121195 26252
120146 121195 466885
120709 123908 459393
121189 121416 208552
121483 127949 203295
121483 130517 275428
127949 130517 447653
122068 122073 401785
122534 122535 452357
122610 163262 536179
122737 122889 300030
122746 124326 311616
122746 128241 447591
124326 128241 463169
123056 123095 330515
124646 285754 213194
12561 12848 443340
12561 13872 206295
12848 13872 451246
126423 126424 192280
126827 126829 451101
12683 15171 52347
127360 128751 450636
127728 150672 305315
127728 152879 351653
150672 152879 370420
128039 128040 411838
128419 213845 444012
128423 130257 336553
128942 130167 519890
129490 135420 87214
129490 142886 483260
129490 150267 395749
135420 142886 425902
135420 150267 94472
142886 150267 273054
12955 12991 285146
130545 286440 356075
130545 336893 451760
286440 336893 227778
130927 149895 143055
131180 131646 81454
131180 132491 65552
131646 132491 376825
131276 131302 403508
131359 131947 320759
131689 132184 301722
132759 132760 443672
132924 132925 522617
133219 134408 235758
133975 134026 209470
134684 155877 236677
135161 135182 276393
135161 135184 93168
135182 135184 476260
135173 135895 66879
136091 215320 315714
136308 139895 449863
137572 138248 419809
137705 138675 362350
138185 139399 469801
138319 139826 302233
138877 140818 277959
138877 141005 528946
138877 143932 329800
138877 148812 448580
138877 150153 412447
140818 141005 342444
140818 143932 209065
140818 148812 248373
140818 150153 243688
141005 143932 326684
141005 148812 502071
141005 150153 483863
143932 148812 216929
143932 150153 190362
148812 150153 211940
139351 139355 459133
139885 140457 415363
140486 156240 303703
141486 141487 448661
142332 144256 390857
142562 143083 512937
142721 162795 337491
142737 143229 220848
143631 143632 158358
144601 144602 47418
14475 14533 484883
145943 145944 493677
146116 147025 326500
146116 152971 448211
147025 152971 69106
146847 158239 440383
147024 159350 98393
147222 147240 379761
14740 14825 452354
147875 147880 70624
147888 164265 151223
148014 253207 439746
148014 338871 338570
253207 338871 464421
148777 148779 378765
148901 151647 466272
148954 157922 154463
149016 153282 514113
149376 152202 248699
150630 189856 451201
151075 192453 521349
151251 151268 248840
151583 221044 452762
15184 15368 461980
152868 157705 477102
152868 172117 93238
157705 172117 300577
153106 153107 379028
153384 153424 463168
154510 254811 87627
155091 155092 344776
155964 198730 276988
156370 184862 494173
156786 156788 342963
15707 15751 210564
157816 158585 446950
158008 199386 350941
158358 158524 529397
158358 160097 224843
158524 160097 364807
158361 207168 486657
159372 174007 216627
159705 160445 469342
160476 160477 449757
160609 206523 253929
16108 16215 446844
162617 162618 470679
162987 186719 377723
164016 258788 445291
16436 17254 17271
164504 164751 495879
164586 164588 33845
165227 165286 198583
165320 170857 414203
165532 199467 472565
165805 165813 437810
165805 165821 349714
165813 165821 388517
165982 246489 40734
165998 225771 235510
166514 166517 467870
166514 176737 290835
166514 184523 411582
166514 242797 21222
166517 176737 375728
166517 184523 311542
166517 242797 520264
176737 184523 230822
176737 242797 390711
184523 242797 436964
166524 167249 315004
167309 167334 463373
168331 173477 36110
168331 176528 294508
173477 176528 466078
168521 168540 474463
168521 168542 447273
168521 168543 490238
168540 168542 217857
168540 168543 91150
168542 168543 446179
168665 244339 272640
168983 170495 528818
168983 173177 480081
170495 173177 461066
169197 186716 449917
169484 171688 185116
169596 183682 422035
169596 185210 484887
183682 185210 528453
169607 176244 328114
169815 169816 446993
170235 170272 375463
170479 170480 484441
172497 191236 241537
172867 342711 429548
173618 175379 516407
173673 290668 461283
17395 18244 18413
174248 176305 482465
174248 180871 470191
176305 180871 42471
174547 174642 432028
174547 175595 56584
174547 185668 373019
174642 175595 512889
174642 185668 493315
175595 185668 97738
175799 177485 314949
176398 177950 47287
177774 177775 491812
178743 178770 412825
181113 183169 396769
181113 189621 473335
183169 189621 515800
181463 188710 50687
182161 230337 51637
182161 340269 483338
230337 340269 398438
182999 354906 295997
183283 184988 65148
183283 186604 532847
183283 186793 311395
183283 187079 411923
183283 194487 209470
184988 186604 33331
184988 186793 479007
184988 187079 286178
184988 194487 454412
186604 186793 304444
186604 187079 330169
186604 194487 509337
186793 187079 477134
186793 194487 529777
187079 194487 446545
183681 183906 312545
183714 188431 284275
184295 193706 210450
184295 189126 413441
193706 189126 484076
18649 18650 392707
186933 186934 349347
18728 19253 305134
187993 189387 528863
187993 193119 377539
187993 193833 445269
189387 193119 291050
189387 193833 70284
193119 193833 451513
188167 98120 423150
188524 197564 537740
188524 198102 213733
188524 205007 537342
188524 206097 88842
188524 211868 296993
197564 198102 368522
197564 205007 344677
197564 206097 295954
197564 211868 239720
198102 205007 516101
198102 206097 195212
198102 211868 379923
205007 206097 496494
205007 211868 307432
206097 211868 259279
189549 189650 218335
189559 189630 411481
190500 202092 73815
190508 211037 210315
190813 196289 450503
190986 190987 371453
191817 192862 379280
19252 20687 345452
19252 21214 430619
19252 25389 305158
20687 21214 521289
20687 25389 413236
21214 25389 518845
192641 195713 408492
192816 292027 446906
193580 193581 56822
193620 223645 258552
193891 193934 537203
194324 205461 488810
195327 195328 484740
195834 264093 325116
195834 278808 415091
195834 284242 519673
195834 290094 253199
195834 290124 51385
264093 278808 456995
264093 284242 421769
264093 290094 383202
264093 290124 538928
278808 284242 500993
278808 290094 445008
278808 290124 328978
284242 290094 427276
284242 290124 371818
290094 290124 512530
195883 196155 246157
195897 224461 445960
196352 247944 297578
197295 200842 223057
197472 197473 449780
198041 221162 424115
198155 203064 392068
198155 203433 405490
198155 218763 401723
203064 203433 444163
203064 218763 475100
203433 218763 310995
198159 224844 224433
199020 212342 50413
199020 217012 58113
212342 217012 533863
199392 235799 410109
200652 203408 374177
201675 201677 28435
203046 203047 450322
204080 204083 275296
204546 205703 431553
205169 205170 329724
205406 237598 99401
206967 213916 467889
207275 207328 326859
207657 243272 315545
207743 217976 414724
208552 393989 466906
208611 243689 243646
208956 460566 301095
209212 210459 447866
209212 215252 73172
210459 215252 406608
210025 239149 447400
211940 211948 374208
211976 215158 455455
212515 303463 385558
213194 240052 469028
213254 232993 438266
214301 214303 453881
214301 214304 416306
214301 214305 312972
214301 214306 477298
214303 214304 434336
214303 214305 448265
214303 214306 233350
214304 214305 449718
214304 214306 312766
214305 214306 307921
215305 237883 473686
215308 215322 431202
216754 232712 501475
217388 217393 291943
218075 231158 363221
223381 296512 424206
223593 99933 389678
224561 235579 320399
225044 225219 495667
226163 252278 428400
226163 252465 303854
252278 252465 452043
226810 226984 460395
228330 228331 312764
229029 229031 487806
230127 231262 336191
230454 230471 465253
232478 257347 449471
232666 233297 314661
232757 234084 245278
233905 252951 515100
234788 239143 409912
235782 235796 530759
237340 237341 442861
238279 243019 452090
238432 239721 72208
238735 238926 521212
238827 277213 377521
238992 252102 25415
239210 239723 463145
239545 245218 369984
239576 242328 475701
239779 239780 432205
240012 261660 478020
240014 261666 311879
240048 350375 453475
241322 244569 88962
241322 405226 468916
244569 405226 88324
241501 255792 475800
241635 241636 402916
241834 336028 466606
241834 352934 389305
336028 352934 471198
241927 241930 534786
242344 242509 453380
242517 242518 405016
243458 243459 315202
243458 243462 526414
243458 243463 442633
243459 243462 477173
243459 243463 264598
243462 243463 461017
243633 243692 520535
244680 260668 459854
244726 244727 433110
245200 245230 450711
245769 279566 353115
246406 279913 372300
246406 281061 449283
246406 285399 448568
279913 281061 370848
279913 285399 533315
281061 285399 446333
247285 253209 471212
247511 250144 324
247511 256930 406965
250144 256930 352687
247666 252288 445947
248203 248205 350710
250914 301180 273720
251905 262816 331920
25415 32394 452588
254399 254400 398359
25568 26870 282618
256584 327193 539935
257373 258941 471022
258406 295041 26198
259033 259034 480946
259655 260340 389415
260002 260926 447476
260271 260272 442369
261663 278272 478076
261915 462065 297910
26252 26644 42079
262656 263743 469589
262909 295392 282153
271450 271548 348863
271993 271994 42447
271993 271995 285331
271993 271996 312774
271993 271997 429570
271993 271998 297348
271994 271995 485426
271994 271996 349386
271994 271997 417112
271994 271998 469573
271995 271996 492322
271995 271997 41062
271995 271998 341023
271996 271997 362110
271996 271998 474058
271997 271998 467846
272750 274764 449921
273065 290139 445992
276926 276990 464779
277305 280668 501851
278598 320078 347426
278745 280410 473056
280598 281664 526516
280598 281732 443668
281664 281732 82630
281175 281475 343186
281838 282565 514446
281991 393079 506001
282000 298080 299919
282093 285899 448267
282252 282638 354602
283358 283487 404346
285331 285332 390069
286049 290440 289546
286049 307076 493202
290440 307076 458296
286988 298669 473628
287234 288402 476810
287455 287505 364878
287720 316868 448086
288261 395890 386626
288385 291275 448380
288385 301937 347999
291275 301937 7041
288920 289078 397980
289715 293417 386463
289840 380101 379614
291408 306257 309857
29167 29288 83825
292033 292035 342014
292065 292067 296019
292843 292863 444903
292847 292873 480196
29335 29371 341097
293351 293461 485158
293457 296054 530346
293588 296366 407538
293588 297434 448214
293588 298298 364204
293588 300800 76793
296366 297434 485041
296366 298298 327288
296366 300800 75205
297434 298298 472341
297434 300800 421536
298298 300800 330855
29431 3128 450650
295156 300591 92927
295156 303018 326640
295156 303761 305094
295156 305631 384498
295156 306648 478506
295156 307845 498003
300591 303018 402121
300591 303761 517118
300591 305631 382394
300591 306648 426112
300591 307845 496648
303018 303761 60973
303018 305631 75231
303018 306648 469168
303018 307845 300586
303761 305631 434127
303761 306648 55481
303761 307845 91510
305631 306648 470150
305631 307845 394975
306648 307845 470665
295394 295553 419641
296993 315228 314620
297492 307462 330679
299764 300683 397438
300386 300926 459233
300788 313113 94160
302077 302168 83300
302219 317661 481759
302606 315287 451320
30393 30465 490402
304219 337458 332049
305675 305686 485480
305675 310442 434264
305675 310748 482737
305675 310771 80251
305675 311688 463243
305675 311698 87872
305675 311739 312769
305675 321088 452598
305686 310442 336301
305686 310748 46434
305686 310771 488427
305686 311688 311691
305686 311698 519538
305686 311739 377708
305686 321088 461250
310442 310748 490147
310442 310771 426744
310442 311688 452369
310442 311698 69567
310442 311739 370306
310442 321088 360239
310748 310771 467224
310748 311688 356691
310748 311698 538021
310748 311739 428293
310748 321088 317164
310771 311688 325921
310771 311698 459143
310771 311739 47382
310771 321088 410721
311688 311698 487802
311688 311739 347533
311688 321088 367566
311698 311739 380929
311698 321088 485034
311739 321088 389697
305908 306268 525319
306181 310485 362414
306394 318003 379561
306765 314853 336577
306774 306776 376144
308981 313441 448998
31124 31521 352534
313023 325916 99496
31437 31438 402398
315035 315180 354370
315790 329905 469889
31919 31920 350388
319233 365055 428085
320259 320622 521074
325434 468725 363523
327104 327105 389734
32716 34622 332330
327413 342613 415997
329874 349702 48725
330170 330322 69262
330395 336599 86190
331716 336659 421386
331956 351791 437845
332843 333552 39170
332891 332892 446505
334393 342461 96526
335043 336077 446683
335584 343749 461272
336479 459088 464663
33680 56443 454417
337008 388899 435256
337369 343017 54842
338252 350698 447761
33828 41049 528981
33828 41146 498771
41049 41146 92887
340560 342001 417406
340560 344854 480200
340560 345249 406588
342001 344854 491443
342001 345249 408454
344854 345249 401439
340852 348343 477903
342332 356303 489612
34246 43639 520977
34246 43807 463920
34246 49286 452242
34246 53156 82130
34246 58228 388438
43639 43807 451877
43639 49286 484975
43639 53156 372867
43639 58228 449916
43807 49286 92610
43807 53156 440456
43807 58228 491608
49286 53156 521248
49286 58228 406893
53156 58228 411754
342538 401741 479304
342639 342646 531380
343142 345344 422398
343142 358238 359349
345344 358238 8926
344677 344689 539863
345104 345121 50201
345104 345157 537742
345121 345157 395588
34779 37504 480598
348024 351915 35725
348024 353687 86920
351915 353687 418368
348045 357217 68858
349023 351021 415307
349023 351666 445930
349023 361485 473441
351021 351666 417085
351021 361485 355445
351666 361485 515638
349104 352972 401023
349927 349965 49819
349927 350013 469202
349965 350013 353960
350067 351177 475934
350067 352483 445967
351177 352483 412508
350492 361557 92071
350882 424760 443122
351121 360167 459735
353534 389956 378393
353535 354108 449805
353535 356018 451731
354108 356018 514530
353567 401277 451722
353876 380314 367890
354062 355580 484916
354731 356444 429314
354820 377960 507362
355287 358603 360243
355445 357272 445143
355445 358335 422867
357272 358335 78681
355692 356241 90383
355694 355708 525609
356113 356114 527369
356677 356678 472952
356677 356679 471289
356678 356679 476974
357256 362402 38875
357781 360082 463973
35944 40728 446714
359609 360274 473603
360045 360053 452461
360045 360060 421699
360053 360060 511091
360481 372114 501420
362248 367103 3848
362248 387532 452620
367103 387532 456995
362505 362569 404346
363185 373397 539053
363238 365385 469678
363664 363665 461282
364060 381892 447273
364060 389277 463231
364060 371911 465736
381892 389277 492736
381892 371911 486735
389277 371911 416534
36438 45003 520217
364785 370002 467811
366574 371216 450268
366577 399986 372867
366651 369217 420469
367960 386002 89729
368018 372962 487118
368018 373733 55748
372962 373733 80645
369066 388106 483719
369780 375114 466934
369780 386868 397699
375114 386868 439498
370374 374291 458969
370374 380915 435465
374291 380915 515349
370995 390859 387744
37129 39599 394049
37129 41994 75375
39599 41994 506001
372407 407697 481447
372872 403385 525609
373896 374052 39633
374028 374734 513527
374410 374836 506192
374410 431212 7391
374836 431212 61685
375062 388787 496632
376468 388000 471589
376667 388359 412376
377383 411210 495067
377484 377490 467724
377864 378973 443041
378062 382337 79170
378497 388539 511665
378780 378785 69214
379325 379840 446016
379473 385442 409060
379473 386466 78096
385442 386466 452633
381172 383629 462754
381258 384375 477787
381359 381447 420963
381661 382112 450317
382469 383780 434387
382657 390839 68520
38341 63099 446381
38341 63160 410580
63099 63160 445041
383424 383429 85894
384012 384074 66417
38430 38432 473684
384962 385202 513099
385286 388299 439005
385413 404618 82872
385738 534732 485045
387234 392564 537490
389553 428943 45290
389617 465167 518828
390052 525891 425025
391638 402891 98343
392719 392955 445143
393162 403935 488014
394253 404018 408714
396322 398465 60033
396402 396403 415363
397713 400958 471136
398061 464649 85311
399659 436115 400146
399801 400861 469002
40020 40217 463798
400374 460860 447761
401098 411847 432789
40150 40151 460484
402131 402278 481264
402131 402442 463450
402131 402841 457001
402278 402442 478753
402278 402841 463319
402442 402841 486453
402364 402848 441409
403840 404472 513033
404262 406772 451756
40452 41001 468470
40472 68701 447726
405756 415368 483366
405942 419808 535302
406060 414277 461008
407188 408519 416503
40764 44215 436858
407907 418740 439398
40899 40902 437933
40899 40903 522244
40902 40903 462951
40940 43466 445851
409912 415161 46698
410260 415491 454421
411772 411774 526889
412056 424907 412376
412706 425417 468625
413138 416305 471557
413848 471395 470086
414024 418092 71259
416534 416807 90286
41718 41719 82845
418807 419048 93040
419003 425679 468097
419195 419196 60621
42054 42133 439649
42069 42924 511666
421114 424209 451726
421699 423416 446924
422220 442450 434970
422220 446261 467851
422220 469074 446262
422220 511148 474536
442450 446261 451162
442450 469074 492286
442450 511148 447613
446261 469074 515873
446261 511148 450297
469074 511148 501208
423603 423746 56822
424002 426425 472574
424289 424291 74405
424962 468915 48228
425422 447472 451301
426393 451215 450980
427216 427282 437591
428571 428572 444901
428800 471630 470235
430799 432410 57073
431074 450685 463263
431237 432477 449340
431237 433297 86280
432477 433297 477055
43146 43449 488695
432520 443889 476754
432920 433854 446129
433176 461601 460777
433787 433788 461990
434272 435446 493564
434442 435664 510926
434442 435707 448755
435664 435707 509200
434570 434981 80645
43483 46262 536140
43483 47442 9027
43483 50801 474406
46262 47442 448659
46262 50801 447709
47442 50801 484290
435050 438391 454945
435203 446785 437988
436272 436273 477949
436542 438534 492416
436819 449485 444347
437303 444989 462937
437665 437813 441019
438326 442613 470766
438525 480576 471902
439095 446928 502567
441699 445247 452171
441721 450281 479730
441721 459242 534355
441721 461384 519342
441721 464750 456591
450281 459242 451647
450281 461384 518437
450281 464750 451675
459242 461384 451301
459242 464750 466830
461384 464750 451256
442933 443036 452413
442933 443110 457156
443036 443110 63066
443054 443237 525441
443732 443910 447823
443732 443911 463919
443732 443912 452958
443910 443911 470038
443910 443912 480147
443911 443912 521983
443873 445379 53581
443879 445550 478256
443892 447676 449319
443892 451988 452934
447676 451988 485226
443895 443925 526457
443895 443978 94522
443895 444847 56374
443895 444848 449334
443895 445612 492725
443895 445613 456995
443925 443978 444962
443925 444847 469573
443925 444848 473789
443925 445612 530075
443925 445613 484730
443978 444847 446436
443978 444848 483581
443978 445612 494476
443978 445613 81594
444847 444848 75608
444847 445612 84401
444847 445613 84597
444848 445612 57995
444848 445613 469712
445612 445613 452413
443896 445257 55959
443906 446656 531202
443906 443916 481045
446656 443916 82532
443977 445855 474791
443980 444130 534222
444007 444444 480163
444007 444452 52075
444007 444455 450268
444007 444499 451782
444007 444965 447524
444007 445485 84341
444007 445493 47308
444007 445964 447157
444444 444452 447572
444444 444455 491581
444444 444499 506649
444444 444965 497522
444444 445485 459133
444444 445493 483431
444444 445964 466583
444452 444455 444465
444452 444499 479996
444452 444965 452209
444452 445485 510015
444452 445493 445747
444452 445964 466272
444455 444499 468252
444455 444965 536541
444455 445485 74178
444455 445493 5379
444455 445964 484485
444499 444965 506034
444499 445485 539935
444499 445493 448311
444499 445964 470084
444965 445485 446595
444965 445493 506001
444965 445964 531124
445485 445493 451248
445485 445964 529451
445493 445964 477762
444012 444016 446346
444012 444536 74032
444012 444593 484144
444012 445260 444279
444012 445766 516674
444016 444536 95144
444016 444593 447392
444016 445260 451157
444016 445766 485048
444536 444593 446580
444536 445260 483816
444536 445766 92144
444593 445260 470080
444593 445766 75626
445260 445766 470466
444017 444541 67988
444017 444631 464144
444541 444631 521649
444038 448134 63211
444038 449029 491326
448134 449029 449773
444050 446043 444489
444050 449735 460907
446043 449735 47308
444053 447005 51280
444081 444451 52355
444099 444118 459209
444102 445420 94973
444106 446006 451157
44413 44620 83019
444149 444150 479010
444149 444151 444951
444149 444152 514643
444149 444162 449264
444149 444164 445068
444149 444167 531590
444149 444173 497274
444150 444151 81599
444150 444152 92557
444150 444162 450095
444150 444164 516419
444150 444167 468886
444150 444173 447039
444151 444152 494440
444151 444162 457866
444151 444164 451561
444151 444167 444603
444151 444173 451849
444152 444162 528137
444152 444164 450612
444152 444167 481681
444152 444173 498225
444162 444164 449927
444162 444167 449718
444162 444173 70981
444164 444167 485038
444164 444173 478064
444167 444173 469345
444154 444183 476196
444159 444168 454109
444159 444170 69282
444168 444170 472730
444160 444161 525638
444165 444172 454297
444165 444182 487118
444172 444182 452958
444169 444171 492460
444174 444180 450113
444188 445437 536152
444269 445574 447966
444269 445842 509689
444269 446606 485082
444269 448898 530968
444269 448906 72087
444269 448907 453318
444269 449677 474580
444269 449678 482738
444269 449679 73412
444269 449681 487928
444269 449682 483507
444269 449683 70497
444269 449688 464754
444269 449689 526407
444269 449690 493388
444269 449692 533521
444269 449693 449318
444269 449694 89679
444269 449695 476550
444269 449707 535497
444269 449708 57784
444269 449709 93168
444269 449710 467077
444269 449711 465169
444269 449712 502741
444269 449713 483709
444269 449714 489815
444269 449715 466886
444269 449716 446554
445574 445842 449532
445574 446606 501556
445574 448898 521771
445574 448906 485387
445574 448907 85330
445574 449677 537510
445574 449678 445917
445574 449679 458888
445574 449681 451868
445574 449682 468769
445574 449683 525816
445574 449688 483531
445574 449689 54542
445574 449690 44746
445574 449692 538239
445574 449693 502080
445574 449694 69209
445574 449695 487268
445574 449707 446514
445574 449708 519414
445574 449709 472561
445574 449710 530469
445574 449711 81612
445574 449712 448267
445574 449713 465169
445574 449714 87827
445574 449715 486050
445574 449716 537933
445842 446606 464213
445842 448898 507717
445842 448906 75936
445842 448907 455447
445842 449677 479992
445842 449678 44587
445842 449679 482318
445842 449681 449804
445842 449682 460481
445842 449683 490918
445842 449688 452241
445842 449689 450984
445842 449690 458969
445842 449692 521281
445842 449693 445657
445842 449694 493275
445842 449695 536673
445842 449707 473097
445842 449708 59329
445842 449709 479234
445842 449710 444532
445842 449711 73856
445842 449712 538343
445842 449713 72384
445842 449714 472558
445842 449715 525863
445842 449716 531305
446606 448898 447957
446606 448906 484830
446606 448907 476470
446606 449677 491321
446606 449678 475434
446606 449679 446304
446606 449681 474534
446606 449682 518365
446606 449683 529545
446606 449688 449148
446606 449689 450405
446606 449690 68996
446606 449692 469834
446606 449693 444564
446606 449694 513642
446606 449695 95727
446606 449707 533272
446606 449708 535768
446606 449709 530907
446606 449710 94108
446606 449711 97481
446606 449712 450736
446606 449713 515334
446606 449714 483516
446606 449715 5029
446606 449716 531244
448898 448906 485056
448898 448907 519022
448898 449677 450326
448898 449678 461934
448898 449679 506403
448898 449681 497522
448898 449682 449437
448898 449683 510159
448898 449688 450313
448898 449689 459233
448898 449690 515808
448898 449692 66895
448898 449693 451560
448898 449694 452572
448898 449695 535610
448898 449707 89313
448898 449708 56583
448898 449709 532631
448898 449710 445683
448898 449711 451861
448898 449712 454585
448898 449713 44591
448898 449714 446527
448898 449715 465980
448898 449716 98993
448906 448907 536152
448906 449677 462298
448906 449678 451599
448906 449679 449804
448906 449681 469434
448906 449682 449630
448906 449683 479524
448906 449688 56906
448906 449689 475103
448906 449690 449633
448906 449692 487957
448906 449693 450663
448906 449694 483897
448906 449695 484935
448906 449707 514119
448906 449708 522677
448906 449709 501730
448906 449710 451044
448906 449711 50532
448906 449712 470235
448906 449713 451556
448906 449714 449632
448906 449715 446890
448906 449716 485057
448907 449677 467370
448907 449678 513658
448907 449679 475736
448907 449681 467477
448907 449682 447519
448907 449683 506838
448907 449688 536222
448907 449689 452193
448907 449690 84465
448907 449692 451038
448907 449693 466335
448907 449694 450333
448907 449695 62624
448907 449707 486773
448907 449708 58368
448907 449709 472131
448907 449710 529451
448907 449711 450662
448907 449712 462301
448907 449713 445655
448907 449714 73351
448907 449715 521970
448907 449716 450659
449677 449678 449640
449677 449679 448127
449677 449681 447951
449677 449682 493904
449677 449683 506033
449677 449688 467319
449677 449689 485774
449677 449690 55845
449677 449692 57985
449677 449693 475104
449677 449694 471528
449677 449695 489631
449677 449707 466807
449677 449708 460907
449677 449709 471266
449677 449710 449121
449677 449711 519735
449677 449712 500968
449677 449713 7675
449677 449714 518486
449677 449715 79637
449677 449716 490467
449678 449679 469616
449678 449681 88020
449678 449682 447639
449678 449683 448701
449678 449688 451157
449678 449689 474768
449678 449690 475336
449678 449692 501932
449678 449693 452313
449678 449694 451994
449678 449695 472611
449678 449707 529498
449678 449708 446332
449678 449709 463750
449678 449710 465076
449678 449711 469438
449678 449712 533390
449678 449713 484817
449678 449714 472421
449678 449715 464075
449678 449716 445033
449679 449681 451723
449679 449682 81594
449679 449683 468774
449679 449688 452285
449679 449689 99382
449679 449690 479759
449679 449692 64403
449679 449693 480723
449679 449694 87571
449679 449695 83342
449679 449707 451288
449679 449708 472496
449679 449709 67598
449679 449710 449297
449679 449711 505787
449679 449712 73740
449679 449713 456164
449679 449714 478968
449679 449715 451090
449679 449716 462746
449681 449682 75686
449681 449683 57985
449681 449688 462305
449681 449689 530090
449681 449690 452236
449681 449692 480886
449681 449693 480200
449681 449694 48833
449681 449695 46508
449681 449707 446392
449681 449708 68009
449681 449709 500017
449681 449710 91334
449681 449711 451111
449681 449712 509689
449681 449713 486507
449681 449714 90654
449681 449715 453434
449681 449716 521076
449682 449683 483111
449682 449688 96942
449682 449689 446872
449682 449690 485003
449682 449692 447832
449682 449693 448057
449682 449694 67337
449682 449695 511818
449682 449707 473715
449682 449708 467588
449682 449709 508321
449682 449710 517568
449682 449711 448349
449682 449712 472846
449682 449713 490014
449682 449714 516910
449682 449715 490137
449682 449716 47878
449683 449688 484890
449683 449689 474760
449683 449690 486323
449683 449692 55684
449683 449693 514846
449683 449694 517307
449683 449695 488613
449683 449707 71051
449683 449708 459929
449683 449709 530778
449683 449710 480946
449683 449711 514882
449683 449712 49100
449683 449713 445691
449683 449714 68827
449683 449715 472713
449683 449716 478845
449688 449689 485002
449688 449690 77100
449688 449692 461756
449688 449693 450478
449688 449694 85795
449688 449695 507969
449688 449707 449141
449688 449708 515310
449688 449709 463798
449688 449710 507362
449688 449711 497143
449688 449712 470671
449688 449713 451248
449688 449714 450336
449688 449715 469170
449688 449716 481893
449689 449690 486902
449689 449692 514604
449689 449693 519123
449689 449694 56500
449689 449695 461165
449689 449707 446279
449689 449708 75882
449689 449709 450300
449689 449710 457624
449689 449711 472568
449689 449712 445459
449689 449713 497537
449689 449714 457188
449689 449715 453738
449689 449716 91179
449690 449692 493291
449690 449693 486773
449690 449694 463278
449690 449695 520264
449690 449707 489569
449690 449708 450733
449690 449709 535295
449690 449710 448215
449690 449711 473247
449690 449712 530794
449690 449713 478749
449690 449714 449145
449690 449715 515808
449690 449716 525441
449692 449693 493132
449692 449694 450515
449692 449695 474270
449692 449707 45837
449692 449708 509499
449692 449709 534089
449692 449710 451301
449692 449711 505881
449692 449712 529035
449692 449713 450852
449692 449714 529476
449692 449715 86924
449692 449716 82135
449693 449694 4570
449693 449695 485039
449693 449707 499258
449693 449708 536167
449693 449709 98651
449693 449710 534461
449693 449711 478376
449693 449712 514530
449693 449713 50532
449693 449714 92464
449693 449715 481293
449693 449716 450965
449694 449695 469616
449694 449707 81017
449694 449708 476111
449694 449709 484830
449694 449710 452402
449694 449711 473556
449694 449712 472206
449694 449713 452665
449694 449714 461294
449694 449715 473154
449694 449716 445596
449695 449707 469169
449695 449708 510403
449695 449709 475051
449695 449710 75078
449695 449711 452242
449695 449712 536593
449695 449713 484904
449695 449714 446633
449695 449715 484922
449695 449716 450116
449707 449708 469753
449707 449709 467724
449707 449710 476262
449707 449711 448168
449707 449712 448662
449707 449713 492322
449707 449714 53153
449707 449715 484556
449707 449716 483252
449708 449709 50971
449708 449710 461150
449708 449711 446969
449708 449712 490582
449708 449713 526992
449708 449714 452712
449708 449715 449732
449708 449716 62839
449709 449710 460631
449709 449711 447013
449709 449712 470621
449709 449713 445150
449709 449714 60621
449709 449715 507571
449709 449716 533599
449710 449711 451121
449710 449712 530977
449710 449713 446890
449710 449714 51472
449710 449715 71572
449710 449716 520152
449711 449712 450478
449711 449713 445914
449711 449714 445516
449711 449715 451312
449711 449716 445949
449712 449713 463861
449712 449714 87143
449712 449715 537909
449712 449716 451285
449713 449714 485529
449713 449715 87928
449713 449716 449923
449714 449715 495892
449714 449716 69106
449715 449716 73062
444287 448033 510907
444287 448034 62235
444287 448035 464958
444287 444290 476125
448033 448034 515549
448033 448035 59642
448033 444290 518163
448034 448035 468245
448034 444290 459752
448035 444290 81959
444288 444540 447791
444291 447632 510061
444294 444297 518849
444294 444298 449865
444294 444302 522510
444294 445355 62041
444294 446795 90880
444297 444298 480886
444297 444302 66077
444297 445355 458462
444297 446795 492233
444298 444302 65306
444298 445355 525506
444298 446795 517668
444302 445355 474329
444302 446795 456459
445355 446795 92009
444299 445475 466178
444330 444443 529616
444330 450349 449369
444443 450349 461542
444346 449680 86669
444346 451847 514113
444346 451853 500682
444346 451855 529602
444346 451856 511146
444346 451859 459513
444346 451860 447383
444346 451863 469700
444346 451866 447212
449680 451847 501343
449680 451853 465964
449680 451855 473652
449680 451856 450424
449680 451859 45451
449680 451860 530210
449680 451863 475687
449680 451866 476164
451847 451853 471967
451847 451855 453738
451847 451856 448942
451847 451859 470638
451847 451860 57073
451847 451863 506397
451847 451866 55845
451853 451855 447544
451853 451856 466397
451853 451859 86276
451853 451860 451750
451853 451863 490662
451853 451866 536861
451855 451856 447474
451855 451859 501398
451855 451860 458184
451855 451863 467811
451855 451866 466415
451856 451859 56500
451856 451860 472131
451856 451863 452258
451856 451866 471095
451859 451860 454585
451859 451863 507920
451859 451866 60949
451860 451863 516833
451860 451866 5590
451863 451866 463662
444347 445934 87795
444347 444419 474791
445934 444419 445924
444440 444441 82233
444440 446347 465642
444441 446347 99283
444461 444809 464341
444465 444466 537909
444489 445070 473616
444506 446010 468923
444551 444552 469400
444551 449397 448901
444551 449808 519606
444551 449809 495661
444551 449814 465315
444551 449815 469529
444551 449816 448475
444551 450197 44591
444551 450198 489533
444551 450199 46773
444551 450200 72087
444551 450201 454662
444551 450429 445569
444551 450614 448869
444551 451085 92344
444551 451106 52075
444551 451137 530254
444551 451138 528946
444551 451528 449927
444551 451545 485350
444551 451548 447995
444551 451569 63211
444551 451570 446098
444551 451718 449889
444551 451720 69004
444551 452067 452633
444551 452068 483226
444551 452103 474289
444551 452104 465972
444551 452747 452722
444551 466379 451076
444552 449397 74405
444552 449808 471331
444552 449809 449437
444552 449814 51429
444552 449815 448255
444552 449816 449704
444552 450197 446078
444552 450198 448834
444552 450199 445915
444552 450200 451022
444552 450201 452116
444552 450429 512470
444552 450614 50201
444552 451085 447444
444552 451106 466725
444552 451137 528033
444552 451138 452354
444552 451528 525940
444552 451545 480083
444552 451548 451391
444552 451569 72653
444552 451570 484998
444552 451718 454417
444552 451720 467300
444552 452067 51637
444552 452068 471189
444552 452103 469781
444552 452104 451728
444552 452747 94913
444552 466379 472571
449397 449808 532624
449397 449809 516674
449397 449814 495505
449397 449815 475477
449397 449816 7535
449397 450197 515549
449397 450198 525968
449397 450199 477219
449397 450200 452762
449397 450201 445623
449397 450429 459725
449397 450614 482791
449397 451085 446119
449397 451106 471891
449397 451137 481443
449397 451138 86145
449397 451528 500771
449397 451545 8058
449397 451548 539774
449397 451569 461114
449397 451570 447568
449397 451718 521066
449397 451720 513710
449397 452067 467715
449397 452068 494590
449397 452103 73504
449397 452104 445949
449397 452747 522624
449397 466379 486225
449808 449809 451864
449808 449814 478176
449808 449815 473097
449808 449816 448024
449808 450197 447995
449808 450198 52347
449808 450199 87642
449808 450200 467143
449808 450201 468122
449808 450429 473346
449808 450614 57534
449808 451085 477968
449808 451106 471436
449808 451137 451201
449808 451138 99489
449808 451528 462812
449808 451545 465077
449808 451548 463340
449808 451569 473583
449808 451570 525521
449808 451718 457866
449808 451720 502544
449808 452067 56391
449808 452068 464759
449808 452103 445512
449808 452104 472206
449808 452747 465202
449808 466379 476935
449809 449814 480019
449809 449815 484076
449809 449816 451750
449809 450197 487633
449809 450198 467637
449809 450199 482790
449809 450200 468251
449809 450201 493419
449809 450429 517349
449809 450614 539935
449809 451085 476736
449809 451106 489533
449809 451137 509830
449809 451138 514575
449809 451528 485371
449809 451545 447945
449809 451548 444963
449809 451569 57784
449809 451570 68344
449809 451718 509830
449809 451720 446777
449809 452067 462170
449809 452068 447038
449809 452103 56500
449809 452104 537779
449809 452747 446887
449809 466379 463919
449814 449815 539863
449814 449816 466769
449814 450197 85361
449814 450198 469026
449814 450199 490580
449814 450200 98038
449814 450201 46975
449814 450429 464421
449814 450614 481052
449814 451085 537905
449814 451106 446004
449814 451137 5029
449814 451138 449916
449814 451528 474510
449814 451545 463382
449814 451548 467701
449814 451569 454182
449814 451570 450635
449814 451718 449732
449814 451720 447689
449814 452067 61409
449814 452068 470556
449814 452103 463029
449814 452104 459721
449814 452747 91395
449814 466379 492725
449815 449816 470726
449815 450197 94108
449815 450198 90253
449815 450199 5590
449815 450200 470027
449815 450201 96590
449815 450429 445354
449815 450614 496146
449815 451085 465364
449815 451106 48700
449815 451137 518608
449815 451138 476752
449815 451528 461780
449815 451545 461470
449815 451548 450650
449815 451569 90301
449815 451570 519022
449815 451718 466634
449815 451720 513950
449815 452067 506645
449815 452068 51279
449815 452103 55443
449815 452104 472934
449815 452747 448502
449815 466379 478736
449816 450197 520535
449816 450198 508980
449816 450199 485583
449816 450200 458167
449816 450201 447861
449816 450429 485512
449816 450614 476761
449816 451085 450478
449816 451106 530522
449816 451137 484919
449816 451138 493437
449816 451528 64397
449816 451545 490131
449816 451548 539774
449816 451569 488695
449816 451570 535395
449816 451718 504473
449816 451720 493677
449816 452067 453318
449816 452068 449013
449816 452103 462276
449816 452104 62932
449816 452747 51205
449816 466379 447614
450197 450198 448007
450197 450199 75391
450197 450200 506120
450197 450201 450636
450197 450429 449845
450197 450614 470679
450197 451085 69706
450197 451106 507300
450197 451137 452712
450197 451138 457348
450197 451528 452670
450197 451545 476487
450197 451548 448992
450197 451569 447777
450197 451570 59757
450197 451718 508856
450197 451720 478544
450197 452067 446482
450197 452068 463807
450197 452103 522677
450197 452104 539943
450197 452747 69209
450197 466379 508234
450198 450199 459882
450198 450200 471006
450198 450201 464460
450198 450429 76153
450198 450614 84956
450198 451085 87872
450198 451106 466374
450198 451137 462782
450198 451138 62503
450198 451528 449181
450198 451545 469171
450198 451548 461150
450198 451569 58368
450198 451570 478655
450198 451718 460102
450198 451720 467851
450198 452067 451174
450198 452068 458089
450198 452103 470929
450198 452104 535147
450198 452747 98773
450198 466379 489880
450199 450200 450674
450199 450201 479697
450199 450429 477055
450199 450614 469168
450199 451085 445051
450199 451106 477905
450199 451137 498320
450199 451138 78021
450199 451528 467588
450199 451545 477026
450199 451548 472994
450199 451569 48468
450199 451570 97481
450199 451718 50854
450199 451720 463247
450199 452067 450510
450199 452068 466830
450199 452103 449887
450199 452104 90253
450199 452747 483019
450199 466379 99582
450200 450201 452024
450200 450429 539935
450200 450614 517547
450200 451085 538185
450200 451106 455419
450200 451137 476260
450200 451138 450253
450200 451528 481918
450200 451545 480763
450200 451548 90226
450200 451569 454078
450200 451570 467946
450200 451718 65265
450200 451720 448868
450200 452067 465472
450200 452068 446243
450200 452103 479017
450200 452104 464746
450200 452747 467059
450200 466379 54416
450201 450429 452773
450201 450614 51948
450201 451085 468217
450201 451106 444652
450201 451137 472991
450201 451138 489688
450201 451528 484976
450201 451545 446127
450201 451548 444793
450201 451569 449268
450201 451570 444600
450201 451718 536823
450201 451720 445523
450201 452067 484779
450201 452068 446911
450201 452103 506034
450201 452104 451288
450201 452747 529688
450201 466379 93298
450429 450614 466411
450429 451085 455429
450429 451106 473247
450429 451137 449724
450429 451138 450762
450429 451528 448736
450429 451545 468529
450429 451548 488712
450429 451569 66652
450429 451570 461940
450429 451718 470882
450429 451720 450496
450429 452067 528928
450429 452068 65870
450429 452103 446906
450429 452104 71608
450429 452747 452190
450429 466379 457203
450614 451085 477327
450614 451106 516407
450614 451137 470936
450614 451138 528269
450614 451528 60841
450614 451545 456174
450614 451548 451975
450614 451569 450675
450614 451570 517792
450614 451718 477905
450614 451720 512461
450614 452067 461152
450614 452068 531202
450614 452103 58334
450614 452104 480763
450614 452747 536541
450614 466379 453434
451085 451106 84486
451085 451137 66250
451085 451138 46328
451085 451528 454294
451085 451545 448269
451085 451548 474580
451085 451569 485370
451085 451570 528033
451085 451718 518169
451085 451720 81017
451085 452067 451101
451085 452068 446436
451085 452103 83342
451085 452104 486204
451085 452747 515359
451085 466379 485460
451106 451137 539935
451106 451138 536975
451106 451528 464897
451106 451545 449169
451106 451548 445584
451106 451569 492854
451106 451570 477170
451106 451718 448460
451106 451720 5182
451106 452067 450041
451106 452068 538057
451106 452103 453285
451106 452104 455321
451106 452747 537740
451106 466379 489631
451137 451138 450087
451137 451528 472208
451137 451545 455455
451137 451548 473743
451137 451569 450668
451137 451570 465076
451137 451718 535877
451137 451720 475220
451137 452067 446804
451137 452068 479010
451137 452103 452052
451137 452104 476612
451137 452747 482100
451137 466379 461363
451138 451528 469586
451138 451545 529121
451138 451548 93365
451138 451569 7371
451138 451570 472194
451138 451718 480653
451138 451720 92201
451138 452067 483254
451138 452068 450919
451138 452103 451247
451138 452104 529143
451138 452747 502244
451138 466379 46155
451528 451545 520811
451528 451548 518404
451528 451569 468633
451528 451570 99353
451528 451718 466546
451528 451720 464266
451528 452067 530899
451528 452068 47785
451528 452103 54000
451528 452104 472558
451528 452747 485719
451528 466379 451561
451545 451548 473603
451545 451569 473313
451545 451570 447639
451545 451718 52639
451545 451720 447325
451545 452067 458258
451545 452068 528928
451545 452103 73037
451545 452104 7909
451545 452747 61685
451545 466379 458120
451548 451569 461470
451548 451570 83221
451548 451718 497883
451548 451720 488467
451548 452067 445259
451548 452068 473618
451548 452103 507939
451548 452104 466895
451548 452747 67355
451548 466379 452084
451569 451570 98769
451569 451718 463450
451569 451720 46975
451569 452067 471032
451569 452068 87045
451569 452103 448187
451569 452104 93388
451569 452747 479759
451569 466379 72834
451570 451718 467295
451570 451720 474082
451570 452067 453376
451570 452068 445584
451570 452103 459143
451570 452104 447832
451570 452747 451176
451570 466379 517403
451718 451720 478127
451718 452067 446678
451718 452068 526604
451718 452103 479745
451718 452104 473344
451718 452747 445429
451718 466379 88153
451720 452067 472103
451720 452068 445686
451720 452103 467580
451720 452104 477918
451720 452747 458500
451720 466379 520522
452067 452068 498054
452067 452103 55467
452067 452104 64015
452067 452747 478453
452067 466379 528190
452068 452103 451777
452068 452104 449916
452068 452747 480196
452068 466379 453455
452103 452104 481084
452103 452747 468728
452103 466379 486530
452104 452747 479356
452104 466379 87594
452747 466379 489329
444553 448679 488579
444553 446242 445264
448679 446242 449297
444564 446020 463487
444600 448509 495542
444603 447275 501730
444603 449077 451415
444603 449163 480662
444603 450952 447520
444603 451680 485276
444603 451871 455011
444603 451872 446243
447275 449077 7442
447275 449163 448882
447275 450952 75448
447275 451680 479730
447275 451871 447039
447275 451872 466805
449077 449163 97712
449077 450952 471957
449077 451680 527635
449077 451871 453881
449077 451872 509754
449163 450952 466374
449163 451680 72320
449163 451871 87795
449163 451872 484478
450952 451680 484269
450952 451871 447110
450952 451872 56827
451680 451871 473649
451680 451872 451725
451871 451872 450899
444645 444651 451609
444648 444650 450676
444654 444655 70767
444677 448911 446179
444903 448918 468251
444912 446761 451881
444936 447284 493914
444954 445284 514469
444959 445036 85018
444959 445884 476740
445036 445884 463641
445028 445031 69026
445046 446003 479287
445051 445883 91621
445051 509579 519345
445883 509579 466553
445054 447203 484020
445066 447047 474036
445068 447048 511146
445073 445286 539415
445086 445088 533071
445086 446771 53028
445088 446771 447957
445116 447423 82495
445122 446161 525609
445145 445146 93026
445160 446649 83342
445160 449345 446288
445160 450761 446781
446649 449345 48725
446649 450761 69387
449345 450761 462058
445189 445779 464779
445190 447266 450537
445190 447344 471762
447266 447344 83110
445191 447267 510143
445255 445256 479121
445264 445266 448882
445287 447584 529129
445291 447922 536167
445291 445292 56360
447922 445292 484170
445299 446370 527856
445301 445954 463069
445301 447583 534586
445301 452016 488549
445954 447583 456591
445954 452016 478487
447583 452016 465155
445336 445850 75146
445337 447017 481153
445337 447215 484798
447017 447215 60441
445399 445400 485005
445399 445401 448968
445399 445402 90800
445400 445401 529960
445400 445402 446768
445401 445402 48255
445407 445958 70958
445428 445441 450500
445428 447885 471558
445441 447885 525690
445436 445772 451123
445457 446735 48228
445459 446567 470670
445459 446569 485511
446567 446569 446545
445460 446568 481155
445460 448411 83898
445460 448419 83680
445460 448421 446959
445460 448423 83680
445460 446362 466725
446568 448411 473675
446568 448419 87630
446568 448421 528928
446568 448423 506648
446568 446362 87755
448411 448419 84448
448411 448421 463775
448411 448423 447970
448411 446362 489677
448419 448421 521607
448419 448423 80884
448419 446362 499162
448421 448423 455229
448421 446362 510143
448423 446362 451067
445489 447040 94160
445489 449985 447038
447040 449985 493452
445502 447720 82872
445589 445592 470180
445590 445591 449134
445590 445593 452081
445591 445593 68009
445654 450006 451560
445657 447386 499162
445657 449333 449108
447386 449333 528244
445688 445690 73856
445688 450287 446165
445690 450287 59077
445721 446352 500579
445721 449622 47260
445721 450021 477949
445721 450410 471190
446352 449622 471967
446352 450021 471289
446352 450410 493675
449622 450021 449134
449622 450410 78667
450021 450410 451874
445733 448132 68115
445733 449366 85454
448132 449366 499849
445769 446800 6673
445826 445939 492340
445826 449581 485065
445826 450027 470022
445826 450412 491902
445826 450479 462790
445826 451202 451032
445826 451328 476268
445826 452591 518363
445939 449581 467368
445939 450027 4929
445939 450412 471589
445939 450479 456174
445939 451202 462748
445939 451328 86858
445939 452591 471711
449581 450027 499396
449581 450412 479748
449581 450479 469388
449581 451202 483253
449581 451328 48577
449581 452591 477495
450027 450412 516806
450027 450479 99439
450027 451202 458915
450027 451328 471609
450027 452591 536300
450412 450479 75231
450412 451202 515401
450412 451328 519818
450412 452591 67708
450479 451202 459701
450479 451328 462868
450479 452591 488549
451202 451328 481014
451202 452591 86775
451328 452591 51429
445827 448052 7582
445858 445859 453143
445873 446467 446592
445875 445876 474078
445887 447585 6769
445907 446012 515334
445914 445931 500200
445914 445916 497335
445931 445916 85404
445915 445922 461553
445921 445925 446498
445926 445927 464607
445935 446048 72651
445935 450160 447645
445935 451644 472794
445935 451910 448425
445935 452066 462301
446048 450160 447744
446048 451644 61660
446048 451910 451290
446048 452066 62298
450160 451644 451125
450160 451910 462103
450160 452066 462967
451644 451910 472012
451644 452066 530755
451910 452066 516072
445943 445944 534229
445947 446009 47308
445947 445948 535813
446009 445948 466450
445959 446598 512475
445961 451627 464561
445973 445977 484325
445980 445981 511943
445980 449087 470942
445980 449615 531579
445981 449087 518361
445981 449615 450707
449087 449615 68762
445983 445985 516602
445994 445996 536625
445994 452706 473092
445996 452706 469977
445995 447540 473127
446004 446369 502071
446005 447582 468437
446022 448216 516899
446029 447656 86420
446029 449409 464161
447656 449409 469702
446040 450747 478079
446041 447522 525885
446049 446763 448410
446072 452299 479041
446079 446384 48522
446081 447717 469758
446098 447054 447383
446099 447051 531152
446127 446128 476487
446129 446480 531050
446129 446578 500906
446480 446578 497790
446130 447498 62468
446140 446142 468430
446140 448450 509424
446142 448450 482898
446158 446160 86699
446165 447371 489103
446165 446541 492042
447371 446541 61572
446183 452311 452744
446184 446186 481839
446203 446205 5029
446203 446348 471929
446203 468924 55007
446205 446348 451623
446205 468924 448983
446348 468924 529471
446219 446814 455882
446229 446230 496164
446229 447228 60665
446230 447228 452354
446243 447941 454464
446243 449717 96820
446243 449890 450515
446243 449891 8685
446243 449892 48402
446243 449893 76096
446243 452107 499972
446243 452108 447689
446243 452109 91345
447941 449717 481519
447941 449890 511476
447941 449891 452700
447941 449892 491873
447941 449893 99200
447941 452107 76879
447941 452108 519867
447941 452109 59907
449717 449890 476946
449717 449891 64403
449717 449892 470704
449717 449893 506462
449717 452107 467811
449717 452108 446491
449717 452109 526055
449890 449891 518169
449890 449892 473973
449890 449893 494019
449890 452107 476125
449890 452108 52379
449890 452109 477893
449891 449892 484485
449891 449893 482465
449891 452107 476813
449891 452108 486225
449891 452109 466732
449892 449893 450773
449892 452107 452722
449892 452108 451077
449892 452109 497132
449893 452107 59844
449893 452108 89729
449893 452109 60130
452107 452108 90025
452107 452109 453355
452108 452109 471095
446251 460979 483343
446270 446661 475052
446279 447466 470669
446288 446289 536668
446295 446296 80827
446303 446305 466577
446317 457007 70013
446321 446585 87143
446322 447349 452745
446322 448370 516594
447349 448370 516483
446350 449253 449123
446350 451282 449169
449253 451282 485355
446353 448768 93168
446353 448881 448028
448768 448881 483265
446359 451189 496946
446392 446399 488618
446400 446402 490662
446423 448124 447655
446486 446783 449632
446492 447305 536970
446495 446948 465602
446495 448368 480987
446948 448368 67285
446503 446508 457348
446504 446510 519234
446505 446509 466837
446513 447153 477136
446514 447155 538220
446515 447154 473718
446516 446684 87077
446516 452155 481519
446684 452155 525609
446519 450156 447015
446519 450796 531860
446519 451637 481084
450156 450796 525642
450156 451637 489851
450796 451637 490138
446522 446524 70545
446522 446531 70013
446524 446531 450707
446526 446528 495092
446527 446529 446968
446548 446549 452670
446583 446584 452552
446583 446884 510159
446584 446884 515359
446589 447035 508635
446595 446596 533521
446599 446754 480087
446604 446615 516380
446604 450605 449145
446604 451931 476765
446604 452418 502130
446604 452688 90437
446604 452768 71259
446615 450605 450108
446615 451931 96184
446615 452418 526516
446615 452688 478657
446615 452768 56635
450605 451931 511477
450605 452418 457019
450605 452688 450288
450605 452768 474294
451931 452418 470726
451931 452688 532617
451931 452768 47382
452418 452688 538455
452418 452768 88993
452688 452768 506648
446608 446803 97209
446624 448018 76137
446638 447256 450288
446666 446667 527798
446678 447374 461470
446700 449081 451869
446731 447341 461776
446775 447817 469297
446775 449477 467393
447817 449477 513880
446777 446979 514686
446777 446981 526438
446777 448680 449729
446777 448681 84339
446777 448682 469510
446777 448683 479760
446777 448685 472298
446777 448686 71662
446777 448687 490296
446777 448688 537693
446777 448689 536824
446777 448690 70453
446777 448691 448472
446777 448692 80891
446777 448693 69706
446777 448694 512666
446777 448695 458089
446777 448696 516317
446777 448697 69787
446777 448700 474857
446777 448704 501096
446777 448707 451959
446777 446972 450638
446979 446981 485511
446979 448680 473616
446979 448681 529331
446979 448682 467950
446979 448683 85614
446979 448685 76137
446979 448686 479185
446979 448687 496146
446979 448688 474188
446979 448689 464973
446979 448690 47989
446979 448691 511540
446979 448692 472664
446979 448693 448661
446979 448694 515250
446979 448695 4834
446979 448696 8697
446979 448697 491747
446979 448700 487823
446979 448704 58606
446979 448707 447395
446979 446972 470450
446981 448680 81702
446981 448681 67708
446981 448682 94480
446981 448683 477322
446981 448685 461234
446981 448686 451323
446981 448687 526836
446981 448688 463324
446981 448689 451176
446981 448690 449867
446981 448691 448024
446981 448692 518197
446981 448693 449474
446981 448694 484290
446981 448695 463803
446981 448696 535795
446981 448697 521974
446981 448700 465202
446981 448704 453355
446981 448707 516842
446981 446972 478683
448680 448681 467688
448680 448682 54000
448680 448683 449940
448680 448685 537147
448680 448686 474754
448680 448687 53905
448680 448688 501389
448680 448689 451982
448680 448690 463749
448680 448691 7162
448680 448692 534769
448680 448693 57981
448680 448694 532624
448680 448695 470668
448680 448696 45882
448680 448697 50413
448680 448700 84341
448680 448704 486538
448680 448707 451080
448680 446972 521197
448681 448682 9099
448681 448683 480347
448681 448685 7178
448681 448686 452589
448681 448687 447291
448681 448688 470669
448681 448689 477768
448681 448690 472844
448681 448691 466896
448681 448692 450118
448681 448693 514149
448681 448694 481084
448681 448695 449410
448681 448696 484725
448681 448697 52944
448681 448700 456861
448681 448704 451650
448681 448707 484358
448681 446972 463081
448682 448683 473789
448682 448685 460794
448682 448686 450063
448682 448687 533272
448682 448688 526897
448682 448689 535821
448682 448690 51473
448682 448691 451022
448682 448692 447560
448682 448693 514260
448682 448694 452304
448682 448695 462749
448682 448696 469169
448682 448697 51360
448682 448700 470007
448682 448704 464465
448682 448707 538361
448682 446972 455429
448683 448685 63834
448683 448686 451404
448683 448687 488870
448683 448688 469977
448683 448689 462663
448683 448690 526594
448683 448691 453938
448683 448692 448184
448683 448693 482393
448683 448694 449118
448683 448695 91492
448683 448696 91499
448683 448697 471143
448683 448700 489533
448683 448704 55526
448683 448707 469588
448683 446972 528889
448685 448686 68851
448685 448687 479090
448685 448688 55616
448685 448689 67625
448685 448690 451876
448685 448691 452712
448685 448692 464660
448685 448693 55401
448685 448694 451675
448685 448695 54842
448685 448696 467095
448685 448697 485000
448685 448700 463641
448685 448704 78019
448685 448707 478736
448685 446972 78019
448686 448687 460977
448686 448688 509833
448686 448689 484358
448686 448690 489108
448686 448691 55684
448686 448692 473556
448686 448693 448267
448686 448694 452523
448686 448695 83457
448686 448696 513128
448686 448697 90530
448686 448700 474347
448686 448704 449917
448686 448707 446791
448686 446972 522606
448687 448688 489329
448687 448689 58113
448687 448690 533753
448687 448691 98393
448687 448692 492138
448687 448693 476785
448687 448694 470350
448687 448695 526438
448687 448696 460169
448687 448697 448580
448687 448700 508615
448687 448704 62642
448687 448707 57716
448687 446972 450261
448688 448689 487954
448688 448690 475272
448688 448691 448848
448688 448692 454318
448688 448693 480723
448688 448694 520192
448688 448695 91470
448688 448696 469120
448688 448697 487508
448688 448700 466547
448688 448704 448350
448688 448707 532581
448688 446972 54439
448689 448690 538774
448689 448691 465486
448689 448692 537019
448689 448693 530924
448689 448694 487043
448689 448695 451936
448689 448696 458462
448689 448697 510264
448689 448700 459340
448689 448704 464752
448689 448707 483262
448689 446972 77435
448690 448691 460665
448690 448692 470038
448690 448693 521417
448690 448694 498430
448690 448695 447397
448690 448696 466708
448690 448697 479385
448690 448700 520692
448690 448704 521402
448690 448707 45985
448690 446972 58312
448691 448692 459175
448691 448693 480163
448691 448694 451301
448691 448695 76791
448691 448696 449771
448691 448697 462756
448691 448700 476137
448691 448704 532029
448691 448707 488699
448691 446972 479385
448692 448693 484280
448692 448694 472995
448692 448695 472451
448692 448696 448779
448692 448697 447418
448692 448700 538839
448692 448704 536209
448692 448707 522075
448692 446972 516404
448693 448694 91329
448693 448695 520091
448693 448696 475333
448693 448697 61685
448693 448700 507427
448693 448704 458045
448693 448707 522146
448693 446972 450365
448694 448695 47773
448694 448696 509190
448694 448697 472008
448694 448700 448328
448694 448704 469270
448694 448707 507071
448694 446972 491446
448695 448696 469037
448695 448697 459070
448695 448700 91083
448695 448704 450406
448695 448707 489709
448695 446972 463770
448696 448697 449141
448696 448700 499499
448696 448704 519304
448696 448707 446812
448696 446972 456252
448697 448700 447782
448697 448704 490419
448697 448707 459118
448697 446972 448863
448700 448704 449826
448700 448707 76401
448700 446972 501208
448704 448707 492404
448704 446972 515873
448707 446972 479167
446789 451095 452024
446789 451478 501171
446789 452426 82282
451095 451478 84333
451095 452426 448588
451478 452426 449842
446804 447490 449013
446806 446876 96942
446839 446840 85676
446839 446841 485055
446839 446842 447945
446839 446843 514149
446840 446841 455010
446840 446842 471752
446840 446843 485426
446841 446842 470336
446841 446843 463029
446842 446843 466577
446844 446850 513642
446857 447071 473047
446858 449574 522408
446867 446873 492952
446869 446870 59842
446869 446871 490057
446870 446871 467840
446874 447087 83825
446878 446879 91179
446878 446880 485468
446878 446881 482898
446878 446882 449340
446878 446883 69117
446878 446885 87627
446878 449189 92464
446878 449190 450496
446878 449191 479333
446878 449192 526922
446878 449194 486513
446878 449195 81848
446878 449196 512219
446878 449197 75490
446878 449198 535395
446878 449199 479508
446878 449200 451556
446878 449201 466837
446879 446880 499861
446879 446881 519976
446879 446882 499664
446879 446883 467837
446879 446885 513128
446879 449189 447964
446879 449190 450777
446879 449191 449734
446879 449192 481420
446879 449194 499233
446879 449195 65954
446879 449196 51274
446879 449197 516966
446879 449198 93388
446879 449199 448177
446879 449200 57171
446879 449201 495156
446880 446881 513880
446880 446882 501190
446880 446883 448189
446880 446885 467580
446880 449189 483343
446880 449190 464035
446880 449191 486657
446880 449192 462427
446880 449194 472093
446880 449195 463866
446880 449196 514139
446880 449197 535829
446880 449198 71875
446880 449199 63748
446880 449200 475438
446880 449201 450112
446881 446882 496146
446881 446883 465472
446881 446885 94623
446881 449189 452242
446881 449190 486343
446881 449191 480609
446881 449192 70981
446881 449194 86920
446881 449195 7317
446881 449196 447444
446881 449197 516788
446881 449198 490064
446881 449199 4580
446881 449200 509190
446881 449201 456300
446882 446883 478966
446882 446885 529777
446882 449189 448665
446882 449190 454297
446882 449191 89355
446882 449192 474872
446882 449194 539471
446882 449195 514543
446882 449196 463951
446882 449197 476723
446882 449198 447689
446882 449199 447125
446882 449200 461364
446882 449201 477021
446883 446885 486211
446883 449189 69554
446883 449190 75708
446883 449191 450132
446883 449192 484904
446883 449194 85800
446883 449195 450678
446883 449196 448453
446883 449197 454313
446883 449198 450650
446883 449199 64528
446883 449200 5313
446883 449201 519782
446885 449189 460220
446885 449190 451827
446885 449191 497617
446885 449192 51948
446885 449194 89925
446885 449195 451124
446885 449196 507261
446885 449197 449133
446885 449198 513860
446885 449199 460451
446885 449200 464794
446885 449201 449827
449189 449190 65238
449189 449191 474457
449189 449192 508483
449189 449194 464752
449189 449195 511045
449189 449196 447655
449189 449197 496349
449189 449198 55280
449189 449199 511047
449189 449200 481332
449189 449201 454292
449190 449191 467834
449190 449192 471557
449190 449194 492416
449190 449195 446887
449190 449196 482981
449190 449197 76401
449190 449198 57882
449190 449199 521127
449190 449200 520606
449190 449201 451320
449191 449192 487268
449191 449194 58606
449191 449195 467253
449191 449196 469118
449191 449197 492416
449191 449198 452964
449191 449199 477455
449191 449200 453333
449191 449201 478187
449192 449194 451179
449192 449195 484290
449192 449196 449149
449192 449197 519234
449192 449198 483887
449192 449199 487559
449192 449200 482148
449192 449201 496146
449194 449195 48725
449194 449196 468713
449194 449197 479748
449194 449198 468309
449194 449199 449410
449194 449200 472992
449194 449201 464746
449195 449196 446907
449195 449197 468774
449195 449198 472929
449195 449199 47083
449195 449200 449639
449195 449201 513914
449196 449197 463258
449196 449198 487991
449196 449199 9737
449196 449200 494030
449196 449201 479860
449197 449198 447092
449197 449199 469070
449197 449200 461984
449197 449201 471497
449198 449199 8058
449198 449200 449164
449198 449201 464035
449199 449200 452670
449199 449201 464099
449200 449201 53831
446890 446891 478593
446897 447296 54732
446906 446917 469202
446908 446915 67503
446924 446925 448074
446924 446929 447013
446925 446929 451776
446950 446951 525858
446955 447177 508431
446959 446971 492416
446962 446980 470309
446963 446964 78008
446963 446970 450778
446963 446975 483246
446963 446965 486902
446964 446970 5802
446964 446975 83717
446964 446965 522510
446970 446975 447157
446970 446965 451289
446975 446965 536222
446968 447174 66417
446968 447180 447178
447174 447180 80921
446973 448252 485041
446973 448257 451482
448252 448257 448153
446976 448195 80754
446976 448272 450167
446976 447859 520327
448195 448272 483887
448195 447859 520107
448272 447859 462128
446977 447175 450072
446995 449636 499398
446995 451563 452327
446995 451921 78390
446995 452641 481045
449636 451563 450365
449636 451921 478480
449636 452641 65387
451563 451921 488618
451563 452641 536103
451921 452641 535623
447006 447826 520192
447006 447011 447944
447826 447011 501343
447007 447012 454182
447009 447147 93227
447009 447148 497383
447009 447158 460757
447009 447160 80590
447009 447161 457166
447009 447162 450669
447009 447163 482718
447009 447164 536518
447009 447167 50348
447009 447168 450267
447009 447169 485716
447009 447170 469758
447009 447171 528269
447009 447172 452791
447147 447148 96230
447147 447158 86931
447147 447160 462427
447147 447161 463487
447147 447162 448244
447147 447163 451333
447147 447164 57879
447147 447167 69542
447147 447168 447149
447147 447169 517774
447147 447170 62839
447147 447171 99372
447147 447172 529960
447148 447158 453413
447148 447160 490643
447148 447161 450776
447148 447162 461275
447148 447163 505675
447148 447164 454178
447148 447167 63216
447148 447168 461323
447148 447169 92144
447148 447170 461779
447148 447171 465602
447148 447172 490638
447158 447160 74178
447158 447161 451861
447158 447162 449867
447158 447163 86432
447158 447164 93881
447158 447167 449339
447158 447168 467547
447158 447169 520535
447158 447170 480172
447158 447171 513826
447158 447172 449066
447160 447161 450111
447160 447162 518449
447160 447163 449620
447160 447164 82135
447160 447167 467400
447160 447168 499600
447160 447169 484314
447160 447170 481567
447160 447171 474771
447160 447172 473770
447161 447162 62342
447161 447163 466973
447161 447164 89440
447161 447167 532029
447161 447168 69874
447161 447169 501328
447161 447170 447709
447161 447171 93040
447161 447172 458167
447162 447163 521212
447162 447164 521649
447162 447167 71184
447162 447168 5940
447162 447169 473133
447162 447170 472128
447162 447171 478894
447162 447172 46773
447163 447164 471143
447163 447167 463749
447163 447168 77055
447163 447169 96973
447163 447170 536023
447163 447171 533272
447163 447172 450771
447164 447167 485578
447164 447168 478736
447164 447169 512937
447164 447170 466397
447164 447171 534229
447164 447172 48012
447167 447168 458797
447167 447169 447891
447167 447170 511717
447167 447171 472615
447167 447172 451384
447168 447169 450180
447168 447170 461275
447168 447171 490145
447168 447172 450758
447169 447170 468096
447169 447171 480250
447169 447172 450515
447170 447171 511523
447170 447172 66797
447171 447172 532789
447039 447690 75391
447045 447046 468165
447110 447929 479620
447110 447971 92037
447929 447971 464062
447123 447124 448789
447126 447127 475950
447150 447152 67297
447156 447779 464295
447178 447858 466672
447178 447183 450776
447858 447183 452504
447179 447182 44773
447212 447213 516375
447212 447646 474329
447212 447647 451595
447212 447648 77741
447213 447646 501208
447213 447647 486467
447213 447648 451691
447646 447647 515421
447646 447648 484917
447647 447648 468723
447272 447274 476713
447276 447286 450540
447276 447590 46773
447286 447590 48131
447278 447282 479802
447278 447285 511280
447282 447285 89268
447300 447754 513809
447300 450766 483289
447300 451818 515873
447300 451825 65385
447754 450766 73368
447754 451818 488400
447754 451825 538239
450766 451818 56906
450766 451825 480087
451818 451825 96230
447307 447308 45357
447311 447312 462949
447315 447316 448265
447323 447376 478665
447323 450404 456300
447323 450755 452298
447323 451603 483557
447323 452501 467834
447323 452625 486452
447376 450404 475719
447376 450755 466375
447376 451603 473155
447376 452501 448619
447376 452625 453141
450404 450755 448214
450404 451603 54183
450404 452501 501328
450404 452625 469678
450755 451603 51205
450755 452501 99395
450755 452625 484906
451603 452501 464947
451603 452625 478867
452501 452625 536300
447325 452004 449385
447331 447332 500350
447337 447338 527975
447343 447510 465072
447343 447511 517792
447510 447511 463084
44735 46548 45661
44735 46603 475329
44735 47777 447896
44735 50847 537230
44735 54526 485518
44735 55835 447865
44735 69238 472203
44735 84106 457314
44735 87059 471178
44735 93312 85699
46548 46603 9737
46548 47777 469833
46548 50847 491618
46548 54526 475013
46548 55835 515100
46548 69238 468597
46548 84106 87627
46548 87059 474007
46548 93312 474759
46603 47777 9883
46603 50847 530679
46603 54526 469696
46603 55835 64850
46603 69238 451201
46603 84106 480476
46603 87059 539214
46603 93312 449148
47777 50847 72765
47777 54526 484886
47777 55835 485780
47777 69238 494783
47777 84106 53045
47777 87059 501593
47777 93312 485041
50847 54526 522057
50847 55835 489550
50847 69238 494763
50847 84106 472120
50847 87059 466690
50847 93312 490131
54526 55835 447526
54526 69238 464123
54526 84106 461671
54526 87059 47083
54526 93312 97105
55835 69238 465736
55835 84106 452046
55835 87059 463973
55835 93312 75302
69238 84106 465261
69238 87059 531807
69238 93312 80754
84106 87059 497897
84106 93312 50854
87059 93312 447811
447364 447365 457156
447364 447366 449518
447364 447369 485008
447365 447366 449369
447365 447369 456992
447366 447369 474536
447367 447368 470766
447390 447391 469679
447390 448756 74167
447390 448757 493675
447390 448758 88845
447390 447507 454662
447391 448756 67528
447391 448757 513642
447391 448758 457101
447391 447507 536541
448756 448757 495067
448756 448758 469451
448756 447507 513430
448757 448758 502513
448757 447507 480256
448758 447507 483507
447392 447425 461984
447400 447402 490132
447426 447427 448214
447444 447451 529246
447464 448071 460112
447464 448072 84030
448071 448072 532826
447467 447953 468625
447474 452805 526860
447476 447749 450496
447476 449812 82233
447476 450377 56280
447476 451009 48522
447476 451018 457119
447476 452455 520437
447749 449812 530907
447749 450377 514941
447749 451009 455303
447749 451018 455891
447749 452455 469580
449812 450377 475107
449812 451009 449408
449812 451018 450264
449812 452455 65148
450377 451009 483338
450377 451018 513522
450377 452455 533419
451009 451018 48125
451009 452455 68037
451018 452455 474810
447486 447487 452167
447486 449146 453738
447486 449147 88020
447487 449146 452660
447487 449147 75444
449146 449147 67626
447505 447506 72409
447527 448463 452387
447528 453694 474033
447611 450597 506193
447636 450936 516370
447636 450937 527635
450936 450937 470265
447640 448658 526651
447653 448031 450990
447653 448030 484836
448031 448030 488674
447792 447794 73421
447804 448866 451835
447804 449086 450496
448866 449086 477918
447818 448348 469635
447818 448354 530469
448348 448354 484903
447819 448346 476741
447823 447938 450255
447823 448959 519818
447823 448962 49906
447823 448963 537678
447823 448987 482805
447823 451191 527076
447938 448959 88070
447938 448962 88020
447938 448963 539863
447938 448987 465811
447938 451191 465604
448959 448962 68840
448959 448963 484975
448959 448987 474934
448959 451191 462754
448962 448963 72276
448962 448987 65728
448962 451191 507829
448963 448987 481759
448963 451191 482079
448987 451191 489021
447824 447825 478946
447824 447940 472465
447825 447940 457569
447831 447892 454712
447850 448008 460102
447861 448170 85870
447861 448172 466580
447861 448174 533498
447861 448181 472976
447861 448194 452117
447861 448196 538962
447861 448200 470965
447861 448201 489612
447861 448202 483273
448170 448172 448659
448170 448174 476740
448170 448181 517777
448170 448194 452607
448170 448196 474810
448170 448200 533498
448170 448201 534179
448170 448202 472537
448172 448174 65387
448172 448181 472537
448172 448194 85699
448172 448196 457329
448172 448200 517181
448172 448201 496210
448172 448202 467431
448174 448181 539986
448174 448194 539415
448174 448196 520195
448174 448200 514278
448174 448201 449252
448174 448202 504011
448181 448194 528109
448181 448196 473839
448181 448200 449076
448181 448201 525673
448181 448202 453347
448194 448196 458795
448194 448200 87827
448194 448201 534042
448194 448202 485661
448196 448200 514846
448196 448201 471136
448196 448202 474535
448200 448201 519526
448200 448202 487268
448201 448202 57397
447863 448322 60841
447882 448006 454063
447882 448388 517181
448006 448388 465578
447894 449131 78880
447936 451992 472538
447944 447950 85699
447945 447946 450026
447947 447948 468437
448053 448420 480662
448053 448422 474294
448420 448422 473035
448069 448106 80645
448153 448897 535090
448154 448896 477422
448167 448246 71184
448167 448321 462390
448167 448204 461257
448246 448321 55959
448246 448204 472334
448321 448204 484559
448168 448169 457306
448168 448207 494915
448168 448243 505893
448168 448313 96269
448168 450085 92340
448169 448207 478801
448169 448243 488827
448169 448313 6673
448169 450085 458097
448207 448243 450698
448207 448313 94102
448207 450085 529565
448243 448313 472694
448243 450085 80595
448313 450085 96623
448183 448186 66156
448183 448190 535853
448183 450252 475597
448183 450303 452081
448183 450307 450376
448183 450310 496368
448186 448190 537905
448186 450252 450301
448186 450303 476752
448186 450307 452795
448186 450310 451950
448190 450252 82081
448190 450303 89789
448190 450307 473733
448190 450310 453148
450252 450303 468899
450252 450307 478992
450252 450310 448229
450303 450307 466549
450303 450310 451857
450307 450310 449857
448188 448248 507011
448188 450086 513203
448188 450117 465259
448248 450086 502138
448248 450117 463770
450086 450117 451777
448191 448213 509499
448192 448193 82407
448203 448247 490582
448206 448245 93289
448206 448660 92344
448245 448660 450092
448208 448314 520217
448211 448233 488961
448211 448236 514604
448233 448236 486225
448214 448369 457866
448235 448237 99404
448242 448307 521702
448253 448339 528361
448259 448312 489329
448259 448316 64403
448259 448317 533599
448259 448318 493564
448259 448319 506729
448259 448320 478911
448312 448316 450311
448312 448317 479585
448312 448318 515761
448312 448319 518551
448312 448320 483646
448316 448317 480948
448316 448318 454464
448316 448319 83720
448316 448320 477587
448317 448318 449151
448317 448319 451814
448317 448320 450078
448318 448319 507842
448318 448320 530667
448319 448320 454178
448262 448263 472783
448264 448323 485051
448264 448330 498320
448264 448331 90800
448264 448332 459763
448264 448333 450365
448264 448334 78340
448264 448335 448431
448264 448336 487443
448264 448337 64622
448264 448338 484906
448323 448330 538812
448323 448331 520141
448323 448332 469635
448323 448333 471199
448323 448334 521417
448323 448335 89575
448323 448336 485370
448323 448337 539276
448323 448338 473212
448330 448331 450028
448330 448332 46328
448330 448333 450665
448330 448334 485775
448330 448335 474791
448330 448336 469616
448330 448337 449773
448330 448338 527316
448331 448332 474801
448331 448333 452473
448331 448334 506475
448331 448335 466426
448331 448336 511983
448331 448337 463321
448331 448338 449614
448332 448333 460095
448332 448334 519632
448332 448335 478946
448332 448336 450390
448332 448337 459393
448332 448338 465980
448333 448334 465084
448333 448335 497356
448333 448336 516237
448333 448337 66771
448333 448338 449399
448334 448335 528291
448334 448336 493904
448334 448337 537603
448334 448338 480640
448335 448336 472783
448335 448337 499960
448335 448338 462199
448336 448337 72409
448336 448338 90880
448337 448338 470584
448265 448271 471905
448269 448273 476962
448292 448436 89622
448298 448361 480084
448298 448362 81702
448361 448362 9316
448327 448663 5810
448360 448381 520025
448363 448364 471179
448374 448518 466526
448374 448525 515155
448374 448526 452092
448374 448529 491431
448518 448525 450492
448518 448526 518608
448518 448529 475722
448525 448526 519606
448525 448529 448913
448526 448529 499809
448378 448379 485716
448413 448414 87486
448432 448433 451755
448438 451063 458167
448438 451479 497137
451063 451479 5674
448475 448476 520195
448519 448520 498144
448519 448521 99051
448519 448522 464897
448520 448521 78078
448520 448522 481469
448521 448522 5057
448530 448532 94113
448580 448585 533419
448671 448676 480080
448671 448677 480165
448671 448678 495684
448676 448677 449048
448676 448678 77113
448677 448678 457119
448713 448715 52347
448773 448847 522617
448773 449388 65237
448773 451468 463339
448773 451469 448879
448773 454245 490232
448847 449388 80925
448847 451468 484935
448847 451469 75490
448847 454245 473596
449388 451468 481447
449388 451469 472471
449388 454245 455499
451468 451469 467960
451468 454245 488716
451469 454245 458224
448789 448905 44897
448789 451774 86708
448905 451774 61660
448863 454317 91665
448875 448876 477298
448903 448908 70057
448968 448970 505718
448968 449558 449429
448968 449560 519538
448968 449561 504041
448968 449562 484275
448968 449563 473583
448968 449564 472236
448968 449612 450038
448968 474578 99299
448968 483474 473132
448970 449558 509029
448970 449560 472581
448970 449561 454945
448970 449562 71773
448970 449563 450436
448970 449564 449151
448970 449612 479234
448970 474578 451172
448970 483474 475621
449558 449560 518337
449558 449561 75608
449558 449562 478911
449558 449563 516109
449558 449564 460880
449558 449612 86439
449558 474578 519413
449558 483474 508035
449560 449561 497202
449560 449562 79314
449560 449563 458388
449560 449564 522395
449560 449612 531323
449560 474578 473839
449560 483474 482728
449561 449562 521777
449561 449563 478279
449561 449564 536773
449561 449612 56432
449561 474578 78499
449561 483474 469100
449562 449563 48577
449562 449564 453455
449562 449612 469216
449562 474578 451881
449562 483474 488618
449563 449564 479121
449563 449612 539939
449563 474578 472904
449563 483474 453500
449564 449612 497015
449564 474578 518339
449564 483474 539939
449612 474578 532256
449612 483474 526217
474578 483474 449157
448979 448980 452775
449057 462300 539332
449121 449122 468633
449149 449150 458381
449153 449154 515927
449157 449332 468632
449159 449160 536377
449159 449161 471407
449160 449161 479992
449182 449430 467724
449238 451011 99372
449238 454580 79613
449238 455779 450530
451011 454580 77124
451011 455779 469165
454580 455779 509754
449252 449254 513440
449270 449272 462782
449273 449275 6477
449277 449278 451747
449290 449323 451161
449296 449310 82570
449297 449324 85594
449314 449315 484682
449314 450275 74405
449314 450648 97751
449314 450651 452117
449314 450652 466973
449315 450275 474355
449315 450648 496725
449315 450651 473648
449315 450652 528700
450275 450648 98493
450275 450651 450190
450275 450652 519304
450648 450651 77124
450648 450652 452448
450651 450652 466548
449340 449400 486538
449340 449552 501445
449340 451904 479932
449340 451984 467840
449400 449552 96889
449400 451904 471027
449400 451984 539053
449552 451904 534769
449552 451984 512326
451904 451984 475333
449376 449378 484883
449420 449421 449471
449420 449422 475599
449421 449422 460977
449439 449440 9009
449457 449537 507369
449458 450364 502544
449458 453669 474289
450364 453669 487098
449613 451326 74238
449613 452169 521544
451326 452169 56279
449734 449922 529314
449734 450265 482878
449922 450265 461119
449757 449820 537742
449757 452112 494763
449820 452112 56583
449771 449876 484730
449771 450629 450497
449876 450629 481187
449780 449781 498320
449780 451686 461980
449780 452174 69262
449780 452175 481166
449781 451686 76162
449781 452174 519146
449781 452175 95148
451686 452174 532451
451686 452175 479234
452174 452175 532467
449827 449828 69787
449853 449854 534089
449853 449855 93388
449853 450606 47989
449853 450607 477026
449853 450608 481567
449854 449855 76096
449854 450606 450306
449854 450607 51473
449854 450608 490718
449855 450606 82148
449855 450607 478199
449855 450608 531851
450606 450607 79978
450606 450608 508648
450607 450608 470704
449923 449926 51280
449923 450507 450698
449923 450508 73817
449923 450996 79553
449926 450507 54439
449926 450508 482103
449926 450996 479121
450507 450508 519350
450507 450996 73326
450508 450996 536485
449924 450506 477932
449925 450997 519333
449927 450505 87486
449927 450998 450530
450505 450998 452780
449929 450229 464988
450132 450133 528928
450132 450134 72464
450132 450135 536593
450132 450138 505675
450132 450139 485433
450132 450140 46608
450132 450141 52238
450132 450142 481895
450132 450143 485974
450132 450154 466548
450133 450134 506478
450133 450135 497670
450133 450138 459226
450133 450139 75674
450133 450140 481814
450133 450141 86432
450133 450142 64029
450133 450143 497897
450133 450154 516718
450134 450135 514142
450134 450138 510143
450134 450139 488328
450134 450140 57958
450134 450141 80924
450134 450142 467461
450134 450143 506832
450134 450154 463075
450135 450138 465238
450135 450139 495661
450135 450140 97139
450135 450141 506895
450135 450142 473121
450135 450143 520179
450135 450154 48402
450138 450139 82407
450138 450140 474194
450138 450141 457675
450138 450142 512470
450138 450143 510038
450138 450154 474187
450139 450140 72157
450139 450141 461671
450139 450142 537933
450139 450143 487398
450139 450154 475097
450140 450141 450316
450140 450142 529545
450140 450143 85325
450140 450154 73412
450141 450142 48049
450141 450143 514739
450141 450154 509584
450142 450143 528269
450142 450154 73634
450143 450154 539902
450177 450178 463322
450202 451706 532536
450274 450276 480256
450354 475101 494440
450439 450440 472393
450439 452779 451080
450440 452779 65870
450481 451628 473035
450598 450599 64528
450598 451007 451120
450598 451425 45860
450599 451007 511280
450599 451425 483257
451007 451425 535513
450659 450660 81506
450663 450664 85699
450678 450684 451633
450700 450708 467509
450701 450712 520224
450703 450705 496683
450703 450709 489246
450703 450720 482791
450705 450709 472572
450705 450720 497137
450709 450720 98993
450707 450719 96269
450710 450716 7041
450742 450886 531050
450749 450750 472120
450749 450751 74238
450749 450752 478550
450750 450751 497267
450750 450752 464466
450751 450752 496164
450920 450925 462657
450920 450957 476839
450920 451844 468918
450925 450957 517349
450925 451844 463956
450957 451844 96980
451129 451207 467314
451329 451330 463775
451352 451564 521789
451370 451371 56407
451370 451372 67598
451370 451373 460503
451370 465593 62144
451371 451372 536860
451371 451373 476125
451371 465593 477839
451372 451373 474791
451372 465593 490871
451373 465593 502080
451474 451475 484893
451536 451658 469729
451536 452317 453132
451658 452317 5943
451630 451631 461150
451663 452355 478610
451778 451779 476747
451778 451780 484779
451779 451780 519345
451782 451783 69787
451797 451798 454702
451797 451799 484389
451797 451800 467424
451797 451801 500142
451797 451802 472188
451797 451803 467317
451797 451804 469921
451797 451805 477768
451797 451806 525761
451797 451807 458641
451797 451905 452241
451797 451906 504183
451797 451907 473733
451797 451909 47185
451797 451912 481970
451797 451913 463367
451797 452131 458619
451798 451799 513780
451798 451800 528076
451798 451801 498430
451798 451802 469977
451798 451803 50413
451798 451804 62503
451798 451805 454701
451798 451806 539947
451798 451807 84954
451798 451905 9883
451798 451906 505748
451798 451907 474770
451798 451909 476086
451798 451912 468039
451798 451913 472694
451798 452131 466897
451799 451800 462348
451799 451801 458316
451799 451802 473155
451799 451803 452265
451799 451804 468451
451799 451805 497202
451799 451806 462937
451799 451807 452254
451799 451905 510708
451799 451906 451946
451799 451907 465682
451799 451909 69760
451799 451912 512362
451799 451913 68709
451799 452131 467467
451800 451801 480100
451800 451802 494440
451800 451803 500124
451800 451804 536911
451800 451805 452420
451800 451806 464035
451800 451807 96928
451800 451905 530210
451800 451906 67297
451800 451907 460403
451800 451909 469520
451800 451912 539064
451800 451913 471765
451800 452131 91334
451801 451802 477617
451801 451803 528259
451801 451804 477021
451801 451805 484063
451801 451806 535513
451801 451807 456652
451801 451905 528065
451801 451906 528585
451801 451907 511671
451801 451909 519836
451801 451912 460953
451801 451913 509399
451801 452131 94872
451802 451803 6715
451802 451804 458641
451802 451805 483609
451802 451806 475687
451802 451807 464984
451802 451905 467378
451802 451906 84672
451802 451907 8423
451802 451909 496339
451802 451912 488716
451802 451913 496095
451802 452131 477327
451803 451804 473301
451803 451805 513696
451803 451806 533863
451803 451807 71184
451803 451905 515668
451803 451906 536281
451803 451907 88070
451803 451909 72576
451803 451912 487928
451803 451913 73817
451803 452131 71310
451804 451805 480987
451804 451806 482040
451804 451807 79401
451804 451905 485065
451804 451906 452031
451804 451907 519782
451804 451909 476715
451804 451912 64222
451804 451913 456481
451804 452131 62871
451805 451806 84711
451805 451807 498144
451805 451905 473114
451805 451906 53831
451805 451907 535272
451805 451909 478503
451805 451912 94872
451805 451913 515910
451805 452131 535829
451806 451807 462749
451806 451905 467715
451806 451906 485572
451806 451907 65238
451806 451909 83207
451806 451912 462296
451806 451913 497784
451806 452131 516327
451807 451905 484559
451807 451906 494173
451807 451907 65148
451807 451909 474728
451807 451912 485549
451807 451913 470556
451807 452131 533199
451905 451906 511818
451905 451907 480404
451905 451909 462058
451905 451912 468921
451905 451913 493176
451905 452131 468597
451906 451907 461257
451906 451909 460615
451906 451912 507154
451906 451913 475438
451906 452131 49774
451907 451909 534232
451907 451912 529154
451907 451913 471497
451907 452131 519921
451909 451912 86119
451909 451913 87229
451909 452131 94440
451912 451913 452755
451912 452131 493419
451913 452131 63834
451819 451828 58026
451819 451829 522408
451828 451829 60534
451835 451836 72834
451835 452057 472382
451835 452058 452118
451836 452057 52997
451836 452058 477830
452057 452058 480174
452149 452279 530983
452149 452522 471557
452149 452524 519444
452149 452538 476749
452279 452522 528438
452279 452524 9198
452279 452538 496494
452522 452524 517040
452522 452538 469172
452524 452538 511312
452167 452278 461190
452167 452280 528946
452167 452543 484061
452167 452557 85894
452278 452280 492736
452278 452543 480019
452278 452557 527739
452280 452543 475327
452280 452557 458296
452543 452557 501932
452357 452358 453600
452357 452359 61697
452357 452361 531305
452357 452362 496944
452357 452363 485477
452357 452365 473648
452357 452366 91921
452357 452370 466561
452357 452371 537246
452357 452373 52790
452357 452375 5062
452357 452376 485001
452357 452377 474754
452357 452378 80090
452357 452379 491407
452357 452380 531800
452357 452382 501389
452357 452383 64616
452358 452359 470284
452358 452361 490871
452358 452362 463054
452358 452363 460112
452358 452365 478377
452358 452366 473267
452358 452370 83110
452358 452371 96230
452358 452373 529474
452358 452375 59799
452358 452376 473477
452358 452377 69787
452358 452378 90412
452358 452379 522430
452358 452380 482674
452358 452382 496731
452358 452383 463956
452359 452361 481210
452359 452362 67743
452359 452363 453434
452359 452365 473687
452359 452366 519221
452359 452370 469834
452359 452371 468774
452359 452373 50239
452359 452375 85339
452359 452376 501407
452359 452377 484799
452359 452378 51966
452359 452379 65107
452359 452380 468923
452359 452382 470443
452359 452383 472008
452361 452362 460871
452361 452363 80090
452361 452365 458619
452361 452366 464663
452361 452370 454421
452361 452371 535639
452361 452373 462592
452361 452375 475634
452361 452376 528137
452361 452377 532056
452361 452378 459823
452361 452379 456054
452361 452380 484730
452361 452382 525521
452361 452383 469696
452362 452363 485780
452362 452365 461033
452362 452366 534089
452362 452370 9099
452362 452371 496578
452362 452373 92927
452362 452375 466375
452362 452376 90184
452362 452377 526117
452362 452378 534736
452362 452379 522617
452362 452380 99395
452362 452382 478965
452362 452383 453211
452363 452365 530007
452363 452366 499849
452363 452370 521791
452363 452371 511983
452363 452373 72888
452363 452375 459321
452363 452376 528445
452363 452377 93062
452363 452378 499996
452363 452379 69117
452363 452380 468217
452363 452382 465987
452363 452383 454292
452365 452366 7471
452365 452370 463753
452365 452371 49819
452365 452373 483531
452365 452375 466732
452365 452376 538019
452365 452377 92448
452365 452378 471190
452365 452379 465430
452365 452380 66470
452365 452382 481002
452365 452383 458075
452366 452370 488325
452366 452371 472602
452366 452373 493677
452366 452375 530778
452366 452376 475326
452366 452377 58334
452366 452378 73856
452366 452379 496794
452366 452380 472101
452366 452382 61409
452366 452383 459757
452370 452371 8023
452370 452373 501186
452370 452375 483269
452370 452376 46663
452370 452377 530214
452370 452378 50400
452370 452379 531912
452370 452380 518437
452370 452382 515349
452370 452383 528585
452371 452373 508210
452371 452375 465430
452371 452376 66324
452371 452377 536457
452371 452378 525541
452371 452379 496146
452371 452380 459721
452371 452382 466689
452371 452383 90253
452373 452375 477437
452373 452376 529199
452373 452377 491608
452373 452378 531535
452373 452379 96526
452373 452380 526405
452373 452382 483557
452373 452383 482318
452375 452376 464035
452375 452377 70309
452375 452378 97738
452375 452379 62088
452375 452380 476761
452375 452382 473335
452375 452383 462626
452376 452377 81594
452376 452378 471957
452376 452379 64198
452376 452380 90412
452376 452382 470882
452376 452383 69004
452377 452378 506193
452377 452379 464746
452377 452380 473598
452377 452382 477226
452377 452383 525690
452378 452379 466682
452378 452380 452750
452378 452382 453132
452378 452383 534336
452379 452380 480080
452379 452382 478255
452379 452383 486453
452380 452382 472447
452380 452383 536002
452382 452383 452702
452369 452372 461571
452388 452389 479860
452391 452392 475153
452391 452394 474187
452391 452396 478654
452391 452398 521410
452392 452394 471677
452392 452396 7137
452392 452398 488290
452394 452396 463662
452394 452398 512925
452396 452398 532451
452440 452696 461671
452567 453795 469349
452607 452611 89679
453132 453133 478583
453151 453152 472730
453151 474736 531535
453152 474736 46663
453355 453356 466244
453408 453409 478128
453429 453430 481002
453500 454557 466526
453561 453563 512985
454417 454418 512280
454429 454430 456164
454464 455935 466508
45451 46774 482628
455358 455359 475199
455649 465518 474188
456021 456022 513658
456021 456023 482527
456021 456024 87693
456021 456025 463798
456021 456026 519867
456021 456027 537838
456021 456028 521289
456021 456029 484778
456021 456032 528946
456021 456034 48255
456021 456035 461283
456021 456036 87144
456021 456038 518363
456021 456040 67824
456021 456041 494999
456021 456042 534355
456021 456043 69262
456021 456044 474470
456021 456045 496375
456021 456046 76088
456022 456023 470309
456022 456024 525885
456022 456025 92929
456022 456026 520947
456022 456027 514946
456022 456028 497239
456022 456029 468991
456022 456032 466559
456022 456034 468470
456022 456035 78262
456022 456036 460552
456022 456038 530907
456022 456040 538840
456022 456041 513733
456022 456042 468921
456022 456043 468096
456022 456044 483249
456022 456045 459564
456022 456046 520742
456023 456024 483117
456023 456025 473603
456023 456026 70392
456023 456027 97860
456023 456028 510906
456023 456029 492322
456023 456032 525602
456023 456034 525972
456023 456035 49026
456023 456036 467317
456023 456038 90603
456023 456040 63965
456023 456041 537022
456023 456042 498225
456023 456043 8505
456023 456044 475234
456023 456045 534229
456023 456046 72208
456024 456025 460107
456024 456026 484452
456024 456027 84448
456024 456028 512272
456024 456029 89156
456024 456032 466581
456024 456034 87827
456024 456035 535704
456024 456036 467874
456024 456038 58964
456024 456040 468648
456024 456041 510427
456024 456042 514131
456024 456043 480614
456024 456044 87229
456024 456045 56391
456024 456046 484104
456025 456026 475136
456025 456027 530286
456025 456028 69319
456025 456029 458045
456025 456032 493174
456025 456034 485044
456025 456035 76791
456025 456036 458928
456025 456038 524629
456025 456040 93478
456025 456041 96156
456025 456042 52080
456025 456043 461165
456025 456044 65127
456025 456045 53379
456025 456046 87471
456026 456027 459810
456026 456028 530283
456026 456029 63603
456026 456032 475934
456026 456034 520742
456026 456035 466808
456026 456036 95262
456026 456038 495777
456026 456040 489394
456026 456041 492965
456026 456042 82944
456026 456043 461273
456026 456044 72802
456026 456045 533390
456026 456046 493163
456027 456028 467323
456027 456029 469388
456027 456032 469091
456027 456034 527316
456027 456035 67588
456027 456036 491659
456027 456038 536744
456027 456040 73026
456027 456041 482641
456027 456042 78008
456027 456043 463638
456027 456044 508615
456027 456045 488716
456027 456046 456591
456028 456029 474772
456028 456032 485000
456028 456034 483314
456028 456035 466553
456028 456036 474294
456028 456038 511570
456028 456040 474765
456028 456041 461165
456028 456042 98993
456028 456043 501343
456028 456044 474760
456028 456045 479372
456028 456046 460882
456029 456032 473035
456029 456034 82218
456029 456035 476750
456029 456036 539934
456029 456038 62425
456029 456040 470934
456029 456041 456236
456029 456042 520179
456029 456043 473110
456029 456044 502741
456029 456045 79446
456029 456046 93040
456032 456034 462749
456032 456035 486374
456032 456036 81978
456032 456038 481720
456032 456040 465053
456032 456041 80768
456032 456042 465502
456032 456043 464996
456032 456044 469438
456032 456045 518337
456032 456046 528085
456034 456035 473596
456034 456036 469833
456034 456038 490488
456034 456040 490662
456034 456041 84333
456034 456042 468587
456034 456043 535881
456034 456044 512083
456034 456045 488328
456034 456046 462576
456035 456036 466450
456035 456038 532507
456035 456040 99379
456035 456041 480174
456035 456042 76180
456035 456043 479301
456035 456044 501556
456035 456045 488591
456035 456046 66519
456036 456038 485370
456036 456040 86280
456036 456041 476164
456036 456042 88961
456036 456043 68996
456036 456044 80957
456036 456045 462388
456036 456046 539240
456038 456040 493315
456038 456041 468726
456038 456042 464779
456038 456043 464268
456038 456044 82233
456038 456045 464958
456038 456046 525332
456040 456041 486050
456040 456042 492137
456040 456043 96483
456040 456044 479585
456040 456045 466559
456040 456046 533315
456041 456042 469214
456041 456043 468449
456041 456044 54183
456041 456045 460953
456041 456046 510070
456042 456043 8773
456042 456044 508648
456042 456045 462990
456042 456046 470776
456043 456044 529172
456043 456045 491437
456043 456046 478677
456044 456045 465125
456044 456046 471557
456045 456046 459141
456147 482991 473196
456861 463251 481521
457101 457102 77695
457129 513043 500682
457187 457417 490994
45771 65406 5933
458711 464967 472615
459168 463922 480080
459356 461964 465972
459357 466414 486810
459593 460742 49907
459721 459722 489709
45985 47052 7128
45985 59318 486463
45985 60205 464663
47052 59318 472615
47052 60205 487918
59318 60205 506033
460410 463405 517403
460870 461106 513528
460871 465254 481448
460880 464356 511070
461017 465490 482791
461034 461179 498771
461104 461361 463075
461111 462526 515761
461113 465489 77396
461113 461765 461764
465489 461765 517798
461114 462426 478506
461273 461276 489403
461273 461360 8824
461276 461360 465499
461357 461359 61450
461958 462246 466558
462121 463863 65709
462121 466212 474798
463863 466212 470011
462122 462914 517935
462130 462131 475136
462197 468760 475326
462208 462837 473986
462749 465643 465999
462756 462758 510264
462912 462913 85361
463256 463257 538021
463349 464140 515800
463396 463397 480654
463744 463867 518232
463744 464562 477843
463867 464562 518449
463793 464257 509894
463807 465139 529508
463860 464098 490976
463866 464115 509036
463866 466010 66895
464115 466010 94741
464353 464655 87233
464365 478695 511134
464408 469347 467757
464460 473189 502138
464460 477107 500758
473189 477107 514240
464466 484781 472450
464947 465338 72087
464947 465527 68115
464947 494679 492952
465338 465527 491431
465338 494679 72876
465527 494679 513634
465072 465520 71119
465524 465525 86513
465529 466935 471189
465637 466119 84666
465637 466797 485692
466119 466797 466508
466178 466724 473649
46624 46906 476753
466374 469675 507374
466569 466571 483244
466574 466737 469573
466577 466699 78019
466807 466899 55684
467655 467682 474271
467724 468117 485710
467874 467877 93324
46835 53306 470020
46835 58970 52311
53306 58970 469460
468723 471192 478894
468728 469279 474447
469434 476746 528461
469438 479008 476741
469584 473979 479913
469696 471193 509499
469788 490705 71055
470197 470206 483516
470542 474002 480200
470556 479034 69124
470665 474004 92866
470929 470935 473070
470942 471183 485971
470942 478527 9009
471183 478527 538836
471005 471759 478025
471027 494918 58978
471102 491210 534461
471178 472414 520535
471535 472687 521771
471553 475294 521267
471558 472021 528445
471652 473599 537576
471891 530560 9236
471891 532843 475949
530560 532843 478480
471999 496574 490653
472128 472132 497598
472193 473389 484720
472206 472245 514846
472365 472366 481086
47287 47519 87827
47308 47309 479581
473346 513238 478455
474007 474769 497522
47418 74035 500443
474231 475122 93063
474470 490052 531050
475052 475053 518404
475052 475054 501445
475052 475055 514839
475052 475056 93578
475053 475054 532075
475053 475055 489569
475053 475056 482981
475054 475055 510663
475054 475056 93478
475055 475056 477921
475331 475332 85870
475331 486919 511189
475332 486919 475337
476714 478017 499233
476749 479315 531295
477617 477623 494371
478749 525770 497261
478749 496373 64593
525770 496373 500563
478911 494122 529498
479138 479888 497239
479138 485125 89268
479888 485125 526721
479385 484751 82077
480085 480613 537532
480275 480713 485008
480654 480655 95327
480722 485018 63603
481186 483958 511047
481628 489136 537678
482118 482477 517286
482358 483237 537211
482718 482720 537211
482796 482797 514846
482981 484457 516790
483253 483263 519867
483255 483258 529688
483271 483272 86838
485057 485373 96980
485057 487563 500674
485373 487563 497448
48522 52924 9316
485350 485736 514187
485426 499928 502071
485578 489114 536812
486701 486830 81599
486920 490348 501851
487915 487945 510070
488868 488917 534355
488870 488871 492661
489603 489626 83930
489958 490560 8085
489958 535528 7128
490560 535528 496944
490640 514075 539935
491877 493200 529545
492497 492847 96184
493014 496968 538241
493014 499383 519673
496968 499383 520903
493275 495910 526867
493625 493627 533049
493761 497595 539535
493761 516050 526097
497595 516050 533337
495093 495094 510152
497287 507417 533935
497356 507878 75674
497356 512206 98773
507878 512206 92557
499529 500752 528000
499809 506587 521939
500166 500173 73268
502411 505954 99576
508431 508970 98553
509424 514200 516302
51096 57015 80924
512326 515976 81752
512791 514617 59329
512816 512817 99382
51335 51438 525521
513809 515446 55490
513950 513954 91542
51473 51477 78913
51473 51491 52937
51473 51515 85699
51473 51549 76515
51473 51556 526542
51477 51491 533868
51477 51515 536673
51477 51549 538220
51477 51556 59844
51491 51515 73740
51491 51549 64027
51491 51556 7137
51515 51549 95106
51515 51556 53905
51549 51556 9989
515325 515326 54420
515859 517113 534461
515859 520149 98550
517113 520149 528259
516948 517014 79997
516948 517216 54183
517014 517216 534222
520273 526045 75443
522581 529440 94537
525522 526206 529347
52553 58218 5674
52553 58320 64960
52553 59233 538640
58218 58320 57879
58218 59233 536673
58320 59233 94176
525580 537857 94652
525940 526232 530214
526502 529168 533709
526875 526876 535253
528863 528865 535813
529129 529683 64027
529522 537760 86838
530113 532281 531030
530524 530525 53905
530797 530799 75231
531399 531400 99353
539535 539883 90939
55242 56470 90286
55625 55934 92134
60104 61037 60650
60104 61698 71773
61037 61698 6598
60548 60549 60841
63591 63988 96642
63834 63861 86693
64015 64678 67743
64020 64021 93209
66885 80903 91395
67896 79706 73740
68592 72606 8423
68592 78279 86403
72606 78279 8773
68840 72216 75444
69125 69274 92590
69256 71091 84261
6967 7118 72832
7070 7462 84986
74594 78022 81702
75178 75179 89729
75443 75450 84030
75894 80999 92590
75894 88055 82407
75894 89909 99386
80999 88055 80251
80999 89909 76879
88055 89909 85353
76180 77313 77473
76485 76511 81490
77852 77895 81767
77852 77905 98398
77895 77905 84348
7803 9205 85875
78078 78247 88961
78340 82132 81017
79128 79129 9173
80754 9211 97155
81014 81491 99896
81106 87169 86280
81612 81705 97537
83221 95081 8907
83719 83940 85911
84711 85861 91723
85656 85657 86420
86005 86078 94300
86096 86099 92499
88349 90524 91324
88517 88523 99386
89679 89868 98393
90286 96872 92189
90412 90655 90626
90412 90850 97938
90655 90850 94872
92499 92500 99283
93227 93228 99106
93594 93595 96893
94872 95661 99043
96889 97245 98500
99283 99285 99353
99582 99623 99906
