100303 101628 56827
100494 99978 538242
100937 152468 488549
101262 101318 528613
101272 101333 277305
101553 93780 468309
101553 101865 430642
101553 116576 227191
101553 116578 254875
101553 116579 536485
101553 122744 170318
93780 101865 202291
93780 116576 178379
93780 116578 345802
93780 116579 159569
93780 122744 471698
101865 116576 177799
101865 116578 121286
101865 116579 468625
101865 122744 71572
116576 116578 314698
116576 116579 228631
116576 122744 448983
116578 116579 466606
116578 122744 470882
116579 122744 211198
101713 149042 152659
101929 57298 225909
101929 69125 178655
101929 69274 405131
57298 69125 10447
57298 69274 211262
69125 69274 350608
102036 102037 223705
102124 83234 362248
102467 102468 295283
103308 103456 388720
103320 103336 451320
103363 103366 169949
104010 151853 213567
104486 106828 452586
104993 122613 241468
104993 127722 484948
122613 127722 454313
105752 105753 280132
106555 158244 124659
106649 120455 208911
106715 106716 494161
106874 109124 380776
107735 108089 511126
107735 108090 116075
107735 108093 339940
108089 108090 409537
108089 108093 417581
108090 108093 308476
108107 108432 359689
108787 83582 418113
108787 120493 362564
83582 120493 386831
108958 110230 321321
109069 134227 256164
109069 113248 125145
134227 113248 360202
110361 120127 486452
110837 134961 251725
111092 113624 113111
111717 114167 204223
111717 114715 364748
114167 114715 472993
114869 114871 459536
11627 11860 295891
116851 116874 189768
117209 117210 203724
117328 118782 504473
11797 11814 288805
118329 118539 85462
119111 120731 151052
119111 121219 518353
119111 127468 164887
119111 128930 336529
119111 137673 459559
120731 121219 527390
120731 127468 133496
120731 128930 452149
120731 137673 382810
121219 127468 315544
121219 128930 185620
121219 137673 188328
127468 128930 526867
127468 137673 220216
128930 137673 403888
119448 126170 71119
119588 120146 198630
119588 121195 482148
120146 121195 445263
120709 123908 404850
121189 121416 470100
121483 127949 165617
121483 130517 244668
127949 130517 489107
122068 122073 275625
122534 122535 427955
122610 163262 475633
122737 122889 474033
122746 124326 354763
122746 128241 476752
124326 128241 366434
123056 123095 449517
124646 285754 452492
12561 12848 496467
12561 13872 521954
12848 13872 520195
126423 126424 313776
126827 126829 139476
12683 15171 248112
127360 128751 158327
127728 150672 501186
127728 152879 225657
127728 150681 235483
150672 152879 287515
150672 150681 492137
152879 150681 419989
128039 128040 480163
128419 213845 260678
128423 130257 466577
128942 130167 213371
129490 135420 140372
129490 142886 299731
129490 150267 294610
135420 142886 220523
135420 150267 387950
142886 150267 300236
12955 12991 321097
130545 286440 507008
130545 336893 82337
286440 336893 362630
130927 149895 147564
131180 131646 382938
131180 132491 342558
131646 132491 360934
131276 131302 92590
131359 131947 306974
131689 132184 347089
132759 132760 333572
132924 132925 450376
133219 134408 393807
133219 134293 407538
134408 134293 362484
133975 134026 246029
134684 155877 532145
135161 135182 447966
135161 135184 399508
135182 135184 466216
135173 135895 435082
136091 215320 210493
136308 139895 294892
137572 138248 44992
137705 138675 446863
138185 139399 36808
138319 139826 492340
138877 140818 160625
138877 141005 202737
138877 143932 5816
138877 148812 321569
138877 150153 142392
140818 141005 525057
140818 143932 478863
140818 148812 155367
140818 150153 239732
141005 143932 460112
141005 148812 241620
141005 150153 156786
143932 148812 485596
143932 150153 408401
148812 150153 374741
139351 139355 482718
139885 140457 529471
140486 156240 232174
141486 141487 445045
142332 144256 243371
142562 143083 486630
142721 162795 203895
142737 143229 451040
142737 145100 409637
143229 145100 79553
143631 143632 215793
144601 144602 8040
14475 14533 472005
145943 145944 461357
146116 147025 230488
146116 152971 304173
147025 152971 377174
146847 158239 270125
147024 159350 346066
147222 147240 45468
14740 14825 201045
14740 14835 342038
14825 14835 399359
147875 147880 258809
147888 164265 476268
148014 253207 519365
148014 338871 447755
253207 338871 276016
148777 148779 414396
148777 148780 431368
148779 148780 185515
148901 151647 275972
148954 157922 490653
149016 153282 201888
149376 152202 337686
150630 189856 281266
150630 168666 424708
189856 168666 335124
151075 192453 451352
151251 151268 487795
151583 221044 223746
15184 15368 449734
152868 157705 239933
152868 172117 427454
157705 172117 200821
153106 153107 175328
153384 153424 465062
154510 254811 304224
155091 155092 465604
155964 198730 369784
156370 184862 447560
156786 156788 175863
15707 15751 445866
157816 158585 458656
157816 158633 379028
158585 158633 225909
158008 199386 213870
158358 158524 175508
158358 160097 448434
158524 160097 373911
158361 207168 528518
159372 174007 177799
159705 160445 397175
160476 160477 357256
160609 206523 483366
16108 16215 427207
162617 162618 181940
162987 186719 232750
164016 258788 422988
16436 17254 246157
164504 164751 230139
164586 164588 282334
165227 165286 452055
165320 170857 247208
165320 178535 450552
170857 178535 411831
165532 199467 313393
165805 165813 280637
165805 165821 373356
165813 165821 327859
165982 246489 195531
165998 225771 17660
166514 166517 210613
166514 176737 71793
166514 184523 450616
166514 242797 288789
166517 176737 70624
166517 184523 444287
166517 242797 512219
176737 184523 350534
176737 242797 349610
184523 242797 227630
166524 167249 492640
167309 167334 424894
168331 173477 259813
168331 176528 424195
173477 176528 212368
168521 168540 485857
168521 168542 361046
168521 168543 243224
168540 168542 490589
168540 168543 318863
168542 168543 271271
168665 244339 287790
168983 170495 300586
168983 173177 371574
170495 173177 87144
169197 186716 484893
169484 171688 424196
169596 183682 208032
169596 185210 88027
183682 185210 293782
169607 176244 445089
169815 169816 462363
170235 170272 444646
170479 170480 406060
172497 191236 403269
172867 342711 469169
172867 388044 2488
172867 421386 480373
342711 388044 452190
342711 421386 461113
388044 421386 227630
173618 175379 389553
173673 290668 241468
173673 291849 309903
290668 291849 471194
17395 18244 86127
174248 176305 526288
174248 180871 405242
176305 180871 480998
174547 174642 186021
174547 175595 507909
174547 185668 433764
174642 175595 235758
174642 185668 5414
175595 185668 325605
175799 177485 468081
176398 177950 252586
177774 177775 508675
178743 178770 350477
181113 183169 484779
181113 189621 389489
183169 189621 421109
181463 188710 60548
182161 230337 516370
182161 340269 464840
230337 340269 480930
182999 354906 311609
183283 184988 459824
183283 186604 203988
183283 186793 408330
183283 187079 214019
183283 194487 350935
184988 186604 51504
184988 186793 373709
184988 187079 311310
184988 194487 510118
186604 186793 355044
186604 187079 367778
186604 194487 47754
186793 187079 444568
186793 194487 501414
187079 194487 482790
183681 183906 375068
183714 188431 416113
183714 189626 487533
188431 189626 318096
184295 193706 387418
184295 189126 526078
193706 189126 472570
18649 18650 455321
186933 186934 522348
18728 19253 529471
187993 189387 221904
187993 193119 480719
187993 193833 515859
189387 193119 194916
189387 193833 243181
193119 193833 535850
188167 98120 446031
188524 197564 226412
188524 198102 299889
188524 205007 467095
188524 206097 4459
188524 211868 366098
197564 198102 474058
197564 205007 519867
197564 206097 395241
197564 211868 477321
198102 205007 386801
198102 206097 191482
198102 211868 513033
205007 206097 82585
205007 211868 299032
206097 211868 19536
189549 189650 497380
189559 189630 336447
190500 202092 450354
190508 211037 279538
190508 216661 420023
211037 216661 430418
190813 196289 231454
190813 212987 281778
196289 212987 9265
190986 190987 342240
191817 192862 296749
191817 192659 480886
192862 192659 66470
19252 20687 482730
19252 21214 515334
19252 25389 519127
20687 21214 450797
20687 25389 246109
21214 25389 528000
192641 195713 451511
192816 292027 473618
193580 193581 450920
193620 223645 466548
193891 193934 490640
194324 205461 278893
195327 195328 45344
195834 264093 361210
195834 278808 459538
195834 284242 463278
195834 290094 70057
195834 290124 77191
264093 278808 305877
264093 284242 412560
264093 290094 60650
264093 290124 270295
278808 284242 497867
278808 290094 320837
278808 290124 247096
284242 290094 521267
284242 290124 374739
290094 290124 339082
195883 196155 241375
195897 224461 199171
196352 247944 472636
197295 200842 449726
197472 197473 30864
198041 221162 87642
198155 203064 315915
198155 203433 321409
198155 218763 447823
203064 203433 208032
203064 218763 428855
203433 218763 255755
198159 224844 261341
199020 212342 496170
199020 217012 372295
212342 217012 397445
199392 235799 250578
200652 203408 75205
201675 201677 447894
203046 203047 458258
204080 204083 533566
204546 205703 460402
205169 205170 343691
205406 237598 478995
206967 213916 421253
207275 207328 261246
207657 243272 474801
207743 217976 393866
208552 393989 403067
208611 243689 392736
208956 460566 315254
209212 210459 44897
209212 215252 447331
210459 215252 345078
210025 239149 425589
211940 211948 252037
211976 215158 462188
212515 303463 50612
213194 240052 68284
213254 232993 475324
214301 214303 304535
214301 214304 489107
214301 214305 474760
214301 214306 482805
214303 214304 468910
214303 214305 226201
214303 214306 432874
214304 214305 375308
214304 214306 474764
214305 214306 69387
215305 237883 377521
215308 215322 57071
216754 232712 362011
217388 217393 495535
218075 231158 337990
223381 296512 474272
223381 401131 282328
223381 414397 293047
223381 414781 480109
223381 418555 511991
223381 428555 468735
223381 436750 417797
223381 286178 480650
296512 401131 228650
296512 414397 392818
296512 414781 351697
296512 418555 489403
296512 428555 436468
296512 436750 471265
296512 286178 434931
401131 414397 380812
401131 414781 346967
401131 418555 466906
401131 428555 451861
401131 436750 307432
401131 286178 380654
414397 414781 444153
414397 418555 226953
414397 428555 319440
414397 436750 284097
414397 286178 41732
414781 418555 529143
414781 428555 292063
414781 436750 284426
414781 286178 235340
418555 428555 316696
418555 436750 417603
418555 286178 364922
428555 436750 408378
428555 286178 261663
436750 286178 447395
223593 99933 434711
224561 235579 78815
225044 225219 367768
226163 252278 482103
226163 252465 475334
252278 252465 444440
226810 226984 318546
228330 228331 489594
229029 229031 480998
230127 231262 445581
230454 230471 326859
232478 257347 351825
232666 233297 386261
232666 237792 373176
232666 238527 27634
232666 239779 497143
232666 239780 248777
232666 240364 348045
233297 237792 494476
233297 238527 473097
233297 239779 536377
233297 239780 248783
233297 240364 405334
237792 238527 385413
237792 239779 425726
237792 239780 347262
237792 240364 423035
238527 239779 501905
238527 239780 369134
238527 240364 328327
239779 239780 240680
239779 240364 281038
239780 240364 436586
232757 234084 363523
233905 252951 96889
234788 239143 476196
235782 235796 379618
237340 237341 467400
238279 243019 359323
238432 239721 339574
238735 238926 408577
238827 277213 469216
238992 252102 400374
239210 239723 488251
239545 245218 293989
239576 242328 480599
239576 242985 461104
242328 242985 38702
240012 261660 351951
240014 261666 461107
240048 350375 96973
241322 244569 251813
241322 405226 336645
244569 405226 475137
241501 255792 284218
241635 241636 403901
241635 242496 476765
241636 242496 86276
241834 336028 399783
241834 352934 379985
336028 352934 463956
241927 241930 466375
242344 242509 301514
242517 242518 364758
243458 243459 310019
243458 243462 400990
243458 243463 305499
243459 243462 534359
243459 243463 294594
243462 243463 472206
243633 243692 488620
243633 243693 398549
243633 246659 374642
243633 247178 474626
243633 248560 328671
243633 254630 527928
243692 243693 533498
243692 246659 451574
243692 247178 46624
243692 248560 459513
243692 254630 494868
243693 246659 330887
243693 247178 415284
243693 248560 449753
243693 254630 446137
246659 247178 253258
246659 248560 311290
246659 254630 460384
247178 248560 391027
247178 254630 325021
248560 254630 437355
244680 260668 427627
244726 244727 340811
245200 245230 327314
245769 279566 345206
246406 279913 402867
246406 281061 453357
246406 285399 521777
279913 281061 75433
279913 285399 282282
281061 285399 399508
247285 253209 313486
247511 250144 249798
247511 256930 423865
250144 256930 365855
247666 252288 273720
248203 248205 35725
250914 301180 355755
251905 262816 430820
25415 32394 83300
254399 254400 329724
25568 26870 319753
256584 327193 424648
256584 376393 77055
327193 376393 462812
257373 258941 510192
258406 295041 55007
259033 259034 383517
259655 260340 427621
260002 260926 447744
260271 260272 288630
261663 278272 536975
261915 462065 368270
26252 26644 514686
26252 26645 516380
26644 26645 470370
262656 263743 476487
262909 295392 293496
271450 271548 97764
271993 271994 350113
271993 271995 480754
271993 271996 520675
271993 271997 371540
271993 271998 461429
271994 271995 482765
271994 271996 84448
271994 271997 293351
271994 271998 76137
271995 271996 452040
271995 271997 436944
271995 271998 371827
271996 271997 461764
271996 271998 364397
271997 271998 452298
272750 274764 382392
273065 290139 465261
276926 276990 519526
277305 280668 536179
277305 289503 401413
280668 289503 347426
278598 320078 439367
278745 280410 344897
280598 281664 315362
280598 281732 69760
281664 281732 451004
281175 281475 529359
281838 282565 471005
281991 393079 341310
282000 298080 384846
282093 285899 514240
282252 282638 456147
283358 283487 477272
285331 285332 427464
286049 290440 317674
286049 307076 363452
290440 307076 91509
286988 298669 45837
287234 288402 470666
287455 287505 355694
287720 316868 382632
288261 395890 454411
288385 291275 308152
288385 301937 332841
291275 301937 312624
288920 289078 472207
289715 293417 474006
289840 380101 411114
289840 369893 297313
380101 369893 468886
291408 306257 330855
29167 29288 350289
292033 292035 485226
292033 292036 453167
292033 292037 333786
292033 292034 481923
292035 292036 417685
292035 292037 419238
292035 292034 489106
292036 292037 527356
292036 292034 363204
292037 292034 389734
292065 292067 310443
292843 292863 5674
292847 292873 481889
29335 29371 385588
293351 293461 468252
293457 296054 525998
293588 296366 450353
293588 297434 54467
293588 298298 345178
293588 300800 444644
296366 297434 418500
296366 298298 515800
296366 300800 395528
297434 298298 79314
297434 300800 449385
298298 300800 424802
29431 3128 450439
29431 34321 476750
29431 39131 484104
29431 42954 440651
29431 45216 360103
3128 34321 29804
3128 39131 461958
3128 42954 533022
3128 45216 513993
34321 39131 486467
34321 42954 321409
34321 45216 480987
39131 42954 506232
39131 45216 303715
42954 45216 464455
295156 300591 328094
295156 303018 469460
295156 303761 434387
295156 305631 391290
295156 306648 396217
295156 307845 449369
300591 303018 473700
300591 303761 359558
300591 305631 483338
300591 306648 474759
300591 307845 406541
303018 303761 473072
303018 305631 447433
303018 306648 312769
303018 307845 463919
303761 305631 399690
303761 306648 485968
303761 307845 482901
305631 306648 532631
305631 307845 492208
306648 307845 517299
295394 295553 470668
296993 315228 387524
297492 307462 471849
299764 300683 407067
300386 300926 480594
300788 313113 87999
302077 302168 436374
302219 317661 485004
302606 315287 350822
30393 30465 431912
304219 337458 363656
305675 305686 424904
305675 310442 448366
305675 310748 467172
305675 310771 452043
305675 311688 431605
305675 311698 427782
305675 311739 529400
305675 321088 373634
305686 310442 433852
305686 310748 353239
305686 310771 416342
305686 311688 65709
305686 311698 9198
305686 311739 429352
305686 321088 337804
310442 310748 78390
310442 310771 483507
310442 311688 474655
310442 311698 463382
310442 311739 416674
310442 321088 444425
310748 310771 422181
310748 311688 45882
310748 311698 328972
310748 311739 495128
310748 321088 445033
310771 311688 468910
310771 311698 473625
310771 311739 468041
310771 321088 493564
311688 311698 401940
311688 311739 398895
311688 321088 318691
311698 311739 402619
311698 321088 393675
311739 321088 467871
305908 306268 96623
306181 310485 440119
306394 318003 488671
306765 314853 450497
306765 346816 465499
314853 346816 418646
306774 306776 66862
306774 306775 487313
306776 306775 334117
308981 313441 93069
31124 31521 477321
313023 325916 363691
31437 31438 490628
315035 315180 434557
315790 329905 88282
31919 31920 366935
319233 365055 68709
320259 320622 417112
325434 468725 448203
327104 327105 67598
32716 34622 511280
327413 342613 40025
329874 349702 73368
330170 330322 370488
330395 336599 481052
331716 336659 444793
331956 351791 445191
332843 333552 446183
332891 332892 357053
334393 342461 389276
335043 336077 402433
335584 343749 452981
336479 459088 400833
33680 56443 455321
337008 388899 462936
337008 390614 472230
337008 356196 481885
388899 390614 520224
388899 356196 492882
390614 356196 346029
337369 343017 507829
338252 350698 424444
33828 41049 388438
33828 41146 463792
41049 41146 383038
340560 342001 446736
340560 344854 425749
340560 345249 536140
342001 344854 75178
342001 345249 470180
344854 345249 391685
340852 348343 468921
342332 356303 454233
34246 43639 463057
34246 43807 395000
34246 49286 449341
34246 53156 398687
34246 58228 451975
43639 43807 537669
43639 49286 350077
43639 53156 446505
43639 58228 472561
43807 49286 529417
43807 53156 417291
43807 58228 451415
49286 53156 539396
49286 58228 393338
53156 58228 348987
342538 401741 467294
342538 436356 522244
342538 446335 94522
401741 436356 448255
401741 446335 388020
436356 446335 471589
342639 342646 396035
343142 345344 526441
343142 358238 452934
345344 358238 81291
344677 344689 481662
345104 345121 367198
345104 345157 398215
345121 345157 74178
34779 37504 40878
348024 351915 475996
348024 353687 495333
351915 353687 483854
348045 357217 488618
349023 351021 40627
349023 351666 449066
349023 361485 387848
351021 351666 421591
351021 361485 419236
351666 361485 383945
349104 352972 498193
349927 349965 538719
349927 350013 432560
349965 350013 368041
350067 351177 476789
350067 352483 450715
351177 352483 453329
350492 361557 463919
350882 424760 404017
351121 360167 490147
353534 389956 399117
353535 354108 449987
353535 356018 56432
354108 356018 527390
353567 401277 428702
353876 380314 69874
354062 355580 76995
354731 356444 409407
354820 377960 393440
355287 358603 75091
355445 357272 399209
355445 358335 411264
357272 358335 451647
355692 356241 415198
355694 355708 470080
356113 356114 466634
356677 356678 487443
356677 356679 366597
356678 356679 446400
357256 362402 469657
357781 360082 476111
35944 40728 406850
359609 360274 445507
360045 360053 401503
360045 360060 374181
360053 360060 438326
360481 372114 381700
362248 367103 489019
362248 387532 417334
367103 387532 436897
362505 362569 526697
363185 373397 403558
363238 365385 466748
363664 363665 45290
364060 381892 369299
364060 389277 448184
364060 371911 387580
364060 451782 418165
364060 451783 85891
381892 389277 450975
381892 371911 465238
381892 451782 381140
381892 451783 480842
389277 371911 451076
389277 451782 532256
389277 451783 521289
371911 451782 76714
371911 451783 473301
451782 451783 483253
36438 45003 400957
364785 370002 88808
366574 371216 525360
366577 399986 493291
366651 369217 68373
366651 368310 40627
369217 368310 466544
367960 386002 464563
368018 372962 369628
368018 373733 469817
372962 373733 484917
369066 388106 384400
369780 375114 456764
369780 386868 443628
375114 386868 421607
370374 374291 430461
370374 380915 83930
370374 378102 442393
