100303 101628 44413
100494 99978 258884
100937 152468 521212
101262 101318 447246
101272 101333 525329
101553 93780 287059
101713 149042 400716
101929 57298 471609
102036 102037 190973
102124 83234 114481
102467 102468 294583
103308 103456 284294
103320 103336 270461
103363 103366 447123
104010 151853 147281
104486 106828 441022
104993 122613 240274
104993 127722 519364
122613 127722 319073
105752 105753 413532
106555 158244 480256
106649 120455 40869
106715 106716 164133
106874 109124 426744
107735 108089 58219
108107 108432 473344
108787 83582 426989
108958 110230 300760
109069 134227 348876
110361 120127 251531
110837 134961 427263
111092 113624 367815
111717 114167 467059
114869 114871 487915
11627 11860 145293
116851 116874 157142
117209 117210 369349
117328 118782 144366
11797 11814 400757
118329 118539 214438
119111 120731 447075
119111 121219 242771
119111 127468 375967
119111 128930 256111
119111 137673 474007
120731 121219 310016
120731 127468 361468
120731 128930 478913
120731 137673 446041
121219 127468 212075
121219 128930 225305
121219 137673 154447
127468 128930 148970
127468 137673 483507
128930 137673 356093
119448 126170 472783
119588 120146 381736
119588 121195 26252
120146 121195 466885
120709 123908 459393
121189 121416 208552
121483 127949 203295
121483 130517 275428
127949 130517 447653
122068 122073 401785
122534 122535 452357
122610 163262 536179
122737 122889 300030
122746 124326 311616
122746 128241 447591
124326 128241 463169
123056 123095 330515
124646 285754 213194
12561 12848 443340
12561 13872 206295
12848 13872 451246
126423 126424 192280
126827 126829 451101
12683 15171 52347
127360 128751 450636
127728 150672 305315
127728 152879 351653
150672 152879 370420
128039 128040 411838
128419 213845 444012
128423 130257 336553
128942 130167 519890
129490 135420 87214
129490 142886 483260
129490 150267 395749
135420 142886 425902
135420 150267 94472
142886 150267 273054
12955 12991 285146
130545 286440 356075
130545 336893 451760
286440 336893 227778
130927 149895 143055
131180 131646 81454
131180 132491 65552
131646 132491 376825
131276 131302 403508
131359 131947 320759
131689 132184 301722
132759 132760 443672
132924 132925 522617
133219 134408 235758
133975 134026 209470
134684 155877 236677
135161 135182 276393
135161 135184 93168
135182 135184 476260
135173 135895 66879
136091 215320 315714
136308 139895 449863
137572 138248 419809
137705 138675 362350
138185 139399 469801
138319 139826 302233
138877 140818 277959
138877 141005 528946
138877 143932 329800
138877 148812 448580
138877 150153 412447
140818 141005 342444
140818 143932 209065
140818 148812 248373
140818 150153 243688
141005 143932 326684
141005 148812 502071
141005 150153 483863
143932 148812 216929
143932 150153 190362
148812 150153 211940
139351 139355 459133
139885 140457 415363
140486 156240 303703
141486 141487 448661
142332 144256 390857
142562 143083 512937
142721 162795 337491
142737 143229 220848
143631 143632 158358
144601 144602 47418
14475 14533 484883
145943 145944 493677
146116 147025 326500
146116 152971 448211
147025 152971 69106
146847 158239 440383
147024 159350 98393
147222 147240 379761
14740 14825 452354
147875 147880 70624
147888 164265 151223
148014 253207 439746
148014 338871 338570
253207 338871 464421
148777 148779 378765
148901 151647 466272
148954 157922 154463
149016 153282 514113
149376 152202 248699
150630 189856 451201
151075 192453 521349
151251 151268 248840
151583 221044 452762
15184 15368 461980
152868 157705 477102
152868 172117 93238
157705 172117 300577
153106 153107 379028
153384 153424 463168
154510 254811 87627
155091 155092 344776
155964 198730 276988
156370 184862 494173
156786 156788 342963
15707 15751 210564
157816 158585 446950
158008 199386 350941
158358 158524 529397
158358 160097 224843
158524 160097 364807
158361 207168 486657
159372 174007 216627
159705 160445 469342
160476 160477 449757
160609 206523 253929
16108 16215 446844
162617 162618 470679
162987 186719 377723
164016 258788 445291
16436 17254 17271
164504 164751 495879
164586 164588 33845
165227 165286 198583
165320 170857 414203
165532 199467 472565
165805 165813 437810
165805 165821 349714
165813 165821 388517
165982 246489 40734
165998 225771 235510
166514 166517 467870
166514 176737 290835
166514 184523 411582
166514 242797 21222
166517 176737 375728
166517 184523 311542
166517 242797 520264
176737 184523 230822
176737 242797 390711
184523 242797 436964
166524 167249 315004
167309 167334 463373
168331 173477 36110
168331 176528 294508
173477 176528 466078
168521 168540 474463
168521 168542 447273
168521 168543 490238
168540 168542 217857
168540 168543 91150
168542 168543 446179
168665 244339 272640
168983 170495 528818
168983 173177 480081
170495 173177 461066
169197 186716 449917
169484 171688 185116
169596 183682 422035
169596 185210 484887
183682 185210 528453
169607 176244 328114
169815 169816 446993
170235 170272 375463
170479 170480 484441
172497 191236 241537
172867 342711 429548
173618 175379 516407
173673 290668 461283
17395 18244 18413
174248 176305 482465
174248 180871 470191
176305 180871 42471
174547 174642 432028
174547 175595 56584
174547 185668 373019
174642 175595 512889
174642 185668 493315
175595 185668 97738
175799 177485 314949
176398 177950 47287
177774 177775 491812
178743 178770 412825
181113 183169 396769
181113 189621 473335
183169 189621 515800
181463 188710 50687
182161 230337 51637
182161 340269 483338
230337 340269 398438
182999 354906 295997
183283 184988 65148
183283 186604 532847
183283 186793 311395
183283 187079 411923
183283 194487 209470
184988 186604 33331
184988 186793 479007
184988 187079 286178
184988 194487 454412
186604 186793 304444
186604 187079 330169
186604 194487 509337
186793 187079 477134
186793 194487 529777
187079 194487 446545
183681 183906 312545
183714 188431 284275
184295 193706 210450
184295 189126 413441
193706 189126 484076
18649 18650 392707
186933 186934 349347
18728 19253 305134
187993 189387 528863
187993 193119 377539
187993 193833 445269
189387 193119 291050
189387 193833 70284
193119 193833 451513
188167 98120 423150
188524 197564 537740
188524 198102 213733
188524 205007 537342
188524 206097 88842
188524 211868 296993
197564 198102 368522
197564 205007 344677
197564 206097 295954
197564 211868 239720
198102 205007 516101
198102 206097 195212
198102 211868 379923
205007 206097 496494
205007 211868 307432
206097 211868 259279
189549 189650 218335
189559 189630 411481
190500 202092 73815
190508 211037 210315
190813 196289 450503
190986 190987 371453
191817 192862 379280
19252 20687 345452
19252 21214 430619
19252 25389 305158
20687 21214 521289
20687 25389 413236
21214 25389 518845
192641 195713 408492
192816 292027 446906
193580 193581 56822
193620 223645 258552
193891 193934 537203
194324 205461 488810
195327 195328 484740
195834 264093 325116
195834 278808 415091
195834 284242 519673
195834 290094 253199
195834 290124 51385
264093 278808 456995
264093 284242 421769
264093 290094 383202
264093 290124 538928
278808 284242 500993
278808 290094 445008
278808 290124 328978
284242 290094 427276
284242 290124 371818
290094 290124 512530
195883 196155 246157
195897 224461 445960
196352 247944 297578
197295 200842 223057
197472 197473 449780
198041 221162 424115
198155 203064 392068
198155 203433 405490
198155 218763 401723
203064 203433 444163
203064 218763 475100
203433 218763 310995
198159 224844 224433
199020 212342 50413
199020 217012 58113
212342 217012 533863
199392 235799 410109
200652 203408 374177
201675 201677 28435
203046 203047 450322
204080 204083 275296
204546 205703 431553
205169 205170 329724
205406 237598 99401
206967 213916 467889
207275 207328 326859
207657 243272 315545
207743 217976 414724
208552 393989 466906
208611 243689 243646
208956 460566 301095
209212 210459 447866
209212 215252 73172
210459 215252 406608
210025 239149 447400
211940 211948 374208
211976 215158 455455
212515 303463 385558
213194 240052 469028
213254 232993 438266
214301 214303 453881
214301 214304 416306
214301 214305 312972
214301 214306 477298
214303 214304 434336
214303 214305 448265
214303 214306 233350
214304 214305 449718
214304 214306 312766
214305 214306 307921
215305 237883 473686
215308 215322 431202
216754 232712 501475
217388 217393 291943
218075 231158 363221
223381 296512 424206
223593 99933 389678
224561 235579 320399
225044 225219 495667
226163 252278 428400
226163 252465 303854
252278 252465 452043
226810 226984 460395
228330 228331 312764
229029 229031 487806
230127 231262 336191
230454 230471 465253
232478 257347 449471
232666 233297 314661
232757 234084 245278
233905 252951 515100
234788 239143 409912
235782 235796 530759
237340 237341 442861
238279 243019 452090
238432 239721 72208
238735 238926 521212
238827 277213 377521
238992 252102 25415
239210 239723 463145
239545 245218 369984
239576 242328 475701
239779 239780 432205
240012 261660 478020
240014 261666 311879
240048 350375 453475
241322 244569 88962
241322 405226 468916
244569 405226 88324
241501 255792 475800
241635 241636 402916
241834 336028 466606
241834 352934 389305
336028 352934 471198
241927 241930 534786
242344 242509 453380
242517 242518 405016
243458 243459 315202
243458 243462 526414
243458 243463 442633
243459 243462 477173
243459 243463 264598
243462 243463 461017
243633 243692 520535
244680 260668 459854
244726 244727 433110